42.070439,-74.573666,2576,"Croute_new_1"
42.069307,-74.574351,2667,"Croute_new_1"
42.068424,-74.574188,2720,"Croute_new_1"
42.067540,-74.573807,2765,"Croute_new_1"
42.066468,-74.573911,2795,"Croute_new_1"
42.065704,-74.574278,2826,"Croute_new_1"
42.064813,-74.574502,2842,"Croute_new_1"
42.063894,-74.574399,2842,"Croute_new_1"
42.062948,-74.574200,2848,"Croute_new_1"
42.061994,-74.574351,2872,"Croute_new_1"
42.061093,-74.574212,2896,"Croute_new_1"
42.060175,-74.574376,2923,"Croute_new_1"
42.059480,-74.574163,2988,"Croute_new_1"
42.059357,-74.572629,3063,"Croute_new_1"
42.058736,-74.572717,3101,"Croute_new_1"
42.058088,-74.572855,3122,"Croute_new_1"
42.057170,-74.572909,3150,"Croute_new_1"
42.056197,-74.572855,3190,"Croute_new_1"
42.055251,-74.572729,3225,"Croute_new_1"
42.054413,-74.572771,3227,"Croute_new_1"
42.053567,-74.572825,3228,"Croute_new_1"
42.052505,-74.572904,3227,"Croute_new_1"
42.051605,-74.573188,3216,"Croute_new_1"
42.050723,-74.573351,3226,"Croute_new_1"
42.049814,-74.573635,3238,"Croute_new_1"
42.048969,-74.574076,3251,"Croute_new_1"
42.048161,-74.574673,3253,"Croute_new_1"
42.047597,-74.575632,3258,"Croute_new_1"
42.046988,-74.576602,3287,"Croute_new_1"
42.046822,-74.577836,3319,"Croute_new_1"
42.046998,-74.579225,3343,"Croute_new_1"
42.046714,-74.580423,3356,"Croute_new_1"
42.046313,-74.581585,3360,"Croute_new_1"
42.045885,-74.582821,3348,"Croute_new_1"
42.046240,-74.583894,3359,"Croute_new_1"
42.046389,-74.585077,3433,"Croute_new_1"
42.046581,-74.586079,3504,"Croute_new_1"
42.046793,-74.587431,3523,"Croute_new_1"
42.046815,-74.588530,3569,"Croute_new_1"
42.046685,-74.589896,3611,"Croute_new_1"
42.046482,-74.591082,3666,"Croute_new_1"
42.046090,-74.592220,3708,"Croute_new_1"
42.045806,-74.593406,3719,"Croute_new_1"
42.045513,-74.594665,3748,"Croute_new_1"
42.101916,-74.516481,2092,"Croute_new_2"
42.101180,-74.515156,2105,"Croute_new_2"
42.100574,-74.514326,2104,"Croute_new_2"
42.099859,-74.513546,2124,"Croute_new_2"
42.098945,-74.512633,2188,"Croute_new_2"
42.098807,-74.511969,2141,"Croute_new_2"
42.098712,-74.510724,2206,"Croute_new_2"
42.099121,-74.509464,2273,"Croute_new_2"
42.099557,-74.508348,2300,"Croute_new_2"
42.099769,-74.507233,2365,"Croute_new_2"
42.100007,-74.505986,2426,"Croute_new_2"
42.100019,-74.504704,2468,"Croute_new_2"
42.099996,-74.503507,2501,"Croute_new_2"
42.100532,-74.502608,2582,"Croute_new_2"
42.101301,-74.503291,2652,"Croute_new_2"
42.102113,-74.503599,2747,"Croute_new_2"
42.102930,-74.503049,2820,"Croute_new_2"
42.103484,-74.502004,2876,"Croute_new_2"
42.103974,-74.500875,2911,"Croute_new_2"
42.104348,-74.499857,2979,"Croute_new_2"
42.103740,-74.498773,2969,"Croute_new_2"
42.103114,-74.497750,2935,"Croute_new_2"
42.102443,-74.496763,2932,"Croute_new_2"
42.101836,-74.495934,2957,"Croute_new_2"
42.101157,-74.495093,2973,"Croute_new_2"
42.100523,-74.494311,3020,"Croute_new_2"
42.099789,-74.493314,3131,"Croute_new_2"
42.099399,-74.492615,3239,"Croute_new_2"
42.098460,-74.492030,3331,"Croute_new_2"
42.097558,-74.491916,3419,"Croute_new_2"
42.096711,-74.491645,3502,"Croute_new_2"
42.096086,-74.490864,3584,"Croute_new_2"
42.095406,-74.489842,3646,"Croute_new_2"
42.094827,-74.489350,3644,"Croute_new_2"
42.093644,-74.488707,3629,"Croute_new_2"
42.093004,-74.488458,3626,"Croute_new_2"
42.092066,-74.488127,3641,"Croute_new_2"
42.091120,-74.488231,3655,"Croute_new_2"
42.090485,-74.489095,3627,"Croute_new_2"
42.090011,-74.489885,3581,"Croute_new_2"
42.089342,-74.491353,3482,"Croute_new_2"
42.089004,-74.492263,3432,"Croute_new_2"
42.088305,-74.493066,3342,"Croute_new_2"
42.087605,-74.493664,3254,"Croute_new_2"
42.086706,-74.494155,3202,"Croute_new_2"
42.086170,-74.495139,3147,"Croute_new_2"
42.085571,-74.496123,3107,"Croute_new_2"
42.084910,-74.497301,3058,"Croute_new_2"
42.085245,-74.497806,3037,"Croute_new_2"
42.086103,-74.498223,2951,"Croute_new_2"
42.086763,-74.498858,2841,"Croute_new_2"
42.087316,-74.499603,2748,"Croute_new_2"
42.088031,-74.500456,2665,"Croute_new_2"
42.088575,-74.501371,2590,"Croute_new_2"
42.089139,-74.502491,2484,"Croute_new_2"
42.089585,-74.503576,2406,"Croute_new_2"
42.089904,-74.504529,2359,"Croute_new_2"
42.090584,-74.505587,2306,"Croute_new_2"
42.091613,-74.506184,2270,"Croute_new_2"
42.092254,-74.506409,2272,"Croute_new_2"
42.092959,-74.507044,2281,"Croute_new_2"
42.093576,-74.507995,2261,"Croute_new_2"
42.094308,-74.508787,2230,"Croute_new_2"
42.095140,-74.509385,2193,"Croute_new_2"
42.096113,-74.509620,2133,"Croute_new_2"
42.096762,-74.509712,2109,"Croute_new_2"
42.097701,-74.510224,2101,"Croute_new_2"
42.098136,-74.510801,2092,"Croute_new_2"
41.991401,-74.484564,2154,"Croute_new_3"
41.992046,-74.483750,2203,"Croute_new_3"
41.992655,-74.482912,2214,"Croute_new_3"
41.993594,-74.483411,2228,"Croute_new_3"
41.993923,-74.484616,2255,"Croute_new_3"
41.994163,-74.485761,2263,"Croute_new_3"
41.994932,-74.486516,2325,"Croute_new_3"
41.995458,-74.487489,2385,"Croute_new_3"
41.995708,-74.488852,2459,"Croute_new_3"
41.996081,-74.489742,2518,"Croute_new_3"
41.996222,-74.491057,2506,"Croute_new_3"
41.996747,-74.491777,2479,"Croute_new_3"
41.997717,-74.491093,2476,"Croute_new_3"
41.998588,-74.490447,2449,"Croute_new_3"
41.999369,-74.489861,2433,"Croute_new_3"
42.000195,-74.489407,2416,"Croute_new_3"
42.001103,-74.488990,2387,"Croute_new_3"
42.001875,-74.488368,2383,"Croute_new_3"
42.002574,-74.487589,2384,"Croute_new_3"
42.003318,-74.486810,2385,"Croute_new_3"
42.003944,-74.485875,2389,"Croute_new_3"
42.004779,-74.485277,2395,"Croute_new_3"
42.005678,-74.484738,2379,"Croute_new_3"
42.006513,-74.484321,2403,"Croute_new_3"
42.007403,-74.483891,2412,"Croute_new_3"
42.008302,-74.483486,2428,"Croute_new_3"
42.009113,-74.483612,2409,"Croute_new_3"
42.009791,-74.484198,2375,"Croute_new_3"
42.010842,-74.483441,2403,"Croute_new_3"
42.011861,-74.483710,2426,"Croute_new_3"
42.012896,-74.483666,2435,"Croute_new_3"
42.013742,-74.483526,2439,"Croute_new_3"
42.014661,-74.483519,2458,"Croute_new_3"
42.015552,-74.483330,2479,"Croute_new_3"
42.016418,-74.483758,2508,"Croute_new_3"
42.017293,-74.484089,2533,"Croute_new_3"
42.017909,-74.484857,2576,"Croute_new_3"
42.018463,-74.485964,2657,"Croute_new_3"
42.018828,-74.486976,2739,"Croute_new_3"
42.019633,-74.487658,2773,"Croute_new_3"
42.020500,-74.488170,2787,"Croute_new_3"
42.021349,-74.488815,2792,"Croute_new_3"
42.022073,-74.489522,2816,"Croute_new_3"
42.022841,-74.490011,2854,"Croute_new_3"
42.023610,-74.490778,2897,"Croute_new_3"
42.024414,-74.491424,2942,"Croute_new_3"
42.025120,-74.492252,2996,"Croute_new_3"
42.025745,-74.492911,3035,"Croute_new_3"
42.026343,-74.493764,3080,"Croute_new_3"
42.026897,-74.494799,3139,"Croute_new_3"
42.027343,-74.495846,3198,"Croute_new_3"
42.028103,-74.496710,3263,"Croute_new_3"
42.028423,-74.497662,3359,"Croute_new_3"
42.028544,-74.498772,3461,"Croute_new_3"
42.029698,-74.498920,3485,"Croute_new_3"
42.030602,-74.499771,3516,"Croute_new_3"
42.031269,-74.499923,3527,"Croute_new_3"
42.032042,-74.499482,3532,"Croute_new_3"
42.033049,-74.499160,3542,"Croute_new_3"
42.034068,-74.499357,3550,"Croute_new_3"
42.034642,-74.498724,3603,"Croute_new_3"
42.035024,-74.497610,3674,"Croute_new_3"
42.035110,-74.496691,3697,"Croute_new_3"
42.011142,-74.482182,2487,"Croute_new_4"
42.011615,-74.481164,2526,"Croute_new_4"
42.012377,-74.480313,2554,"Croute_new_4"
42.013076,-74.479655,2613,"Croute_new_4"
42.013658,-74.478889,2657,"Croute_new_4"
42.014339,-74.478111,2720,"Croute_new_4"
42.015228,-74.477499,2768,"Croute_new_4"
42.015992,-74.477083,2844,"Croute_new_4"
42.016763,-74.476412,2927,"Croute_new_4"
42.017526,-74.475741,3014,"Croute_new_4"
42.018136,-74.475217,3075,"Croute_new_4"
42.019052,-74.474738,3146,"Croute_new_4"
42.019904,-74.473946,3223,"Croute_new_4"
42.020649,-74.473397,3304,"Croute_new_4"
42.021493,-74.472774,3370,"Croute_new_4"
42.022294,-74.472610,3435,"Croute_new_4"
42.023256,-74.472240,3491,"Croute_new_4"
42.024137,-74.472027,3510,"Croute_new_4"
42.024809,-74.471200,3527,"Croute_new_4"
42.025473,-74.470615,3555,"Croute_new_4"
42.026298,-74.469931,3604,"Croute_new_4"
42.027124,-74.469321,3639,"Croute_new_4"
42.027645,-74.469051,3647,"Croute_new_4"
42.288914,-74.114981,2210,"Croute_new_5"
42.288371,-74.113448,2235,"Croute_new_5"
42.287838,-74.112169,2280,"Croute_new_5"
42.287322,-74.110661,2323,"Croute_new_5"
42.286487,-74.109763,2318,"Croute_new_5"
42.285591,-74.109193,2338,"Croute_new_5"
42.284595,-74.108589,2355,"Croute_new_5"
42.283393,-74.107963,2391,"Croute_new_5"
42.282588,-74.107562,2401,"Croute_new_5"
42.282027,-74.106090,2392,"Croute_new_5"
42.280878,-74.105342,2420,"Croute_new_5"
42.280047,-74.105014,2459,"Croute_new_5"
42.279524,-74.103845,2522,"Croute_new_5"
42.279052,-74.102227,2577,"Croute_new_5"
42.278010,-74.101429,2621,"Croute_new_5"
42.277289,-74.101294,2653,"Croute_new_5"
42.276506,-74.100262,2683,"Croute_new_5"
42.275585,-74.099984,2751,"Croute_new_5"
42.275160,-74.100948,2751,"Croute_new_5"
42.275689,-74.098309,2823,"Croute_new_5"
42.274653,-74.098275,2860,"Croute_new_5"
42.273630,-74.098678,2965,"Croute_new_5"
42.272407,-74.098950,3081,"Croute_new_5"
42.271468,-74.098672,3146,"Croute_new_5"
42.270579,-74.098952,3193,"Croute_new_5"
42.269790,-74.099497,3282,"Croute_new_5"
42.269368,-74.100715,3401,"Croute_new_5"
42.268874,-74.102129,3521,"Croute_new_5"
42.268588,-74.103479,3706,"Croute_new_5"
42.267759,-74.104545,3886,"Croute_new_5"
42.266932,-74.103696,3867,"Croute_new_5"
42.266107,-74.102968,3834,"Croute_new_5"
42.268391,-74.105955,3911,"Croute_new_5"
42.269139,-74.107133,3883,"Croute_new_5"
42.269786,-74.108191,3856,"Croute_new_5"
42.269978,-74.109619,3791,"Croute_new_5"
42.269790,-74.111004,3635,"Croute_new_5"
42.270259,-74.112174,3536,"Croute_new_5"
42.270277,-74.113410,3466,"Croute_new_5"
42.270431,-74.114633,3471,"Croute_new_5"
42.270656,-74.115879,3559,"Croute_new_5"
42.270587,-74.117359,3730,"Croute_new_5"
42.270740,-74.118606,3849,"Croute_new_5"
42.270427,-74.119956,3944,"Croute_new_5"
42.270079,-74.121610,3986,"Croute_new_5"
42.270176,-74.123634,3993,"Croute_new_5"
42.269918,-74.125262,3949,"Croute_new_5"
42.269777,-74.126889,3865,"Croute_new_5"
42.270123,-74.128509,3763,"Croute_new_5"
42.270151,-74.129903,3743,"Croute_new_5"
42.270449,-74.131136,3752,"Croute_new_5"
42.270693,-74.132430,3806,"Croute_new_5"
42.270848,-74.133871,3899,"Croute_new_5"
42.270732,-74.135219,3945,"Croute_new_5"
42.270552,-74.136470,3938,"Croute_new_5"
42.270898,-74.138163,3848,"Croute_new_5"
42.271305,-74.139613,3737,"Croute_new_5"
42.271582,-74.140470,3684,"Croute_new_5"
42.271895,-74.115340,3362,"Croute_new_6"
42.272336,-74.114182,3236,"Croute_new_6"
42.273030,-74.113044,3146,"Croute_new_6"
42.273892,-74.112644,3067,"Croute_new_6"
42.274864,-74.112570,2974,"Croute_new_6"
42.275845,-74.112580,2888,"Croute_new_6"
42.276872,-74.112590,2798,"Croute_new_6"
42.277909,-74.112673,2720,"Croute_new_6"
42.278728,-74.112673,2652,"Croute_new_6"
42.279559,-74.111764,2617,"Croute_new_6"
42.280407,-74.110794,2572,"Croute_new_6"
42.281220,-74.110031,2529,"Croute_new_6"
42.281916,-74.109099,2492,"Croute_new_6"
42.282125,-74.108284,2461,"Croute_new_6"
42.292762,-74.468249,2318,"Croute_new_7"
42.293346,-74.469857,2356,"Croute_new_7"
42.293739,-74.470982,2424,"Croute_new_7"
42.294112,-74.471998,2450,"Croute_new_7"
42.293966,-74.473333,2542,"Croute_new_7"
42.294294,-74.474362,2618,"Croute_new_7"
42.294525,-74.475549,2672,"Croute_new_7"
42.294783,-74.476784,2673,"Croute_new_7"
42.295086,-74.477982,2727,"Croute_new_7"
42.295289,-74.479133,2768,"Croute_new_7"
42.295087,-74.480275,2766,"Croute_new_7"
42.294714,-74.481394,2814,"Croute_new_7"
42.294024,-74.482285,2823,"Croute_new_7"
42.293479,-74.483236,2879,"Croute_new_7"
42.292971,-74.484308,2902,"Croute_new_7"
42.292344,-74.485223,2949,"Croute_new_7"
42.291663,-74.486004,2989,"Croute_new_7"
42.290773,-74.486364,3019,"Croute_new_7"
42.289810,-74.486335,3043,"Croute_new_7"
42.289029,-74.486936,3095,"Croute_new_7"
42.288320,-74.487548,3132,"Croute_new_7"
42.287567,-74.488245,3185,"Croute_new_7"
42.287662,-74.489336,3263,"Croute_new_7"
42.286537,-74.489564,3236,"Croute_new_7"
42.285818,-74.489970,3259,"Croute_new_7"
42.284896,-74.489298,3253,"Croute_new_7"
42.284092,-74.488734,3253,"Croute_new_7"
42.283245,-74.488535,3278,"Croute_new_7"
42.282317,-74.488397,3317,"Croute_new_7"
42.281700,-74.487553,3333,"Croute_new_7"
42.281057,-74.486612,3335,"Croute_new_7"
42.280271,-74.486000,3346,"Croute_new_7"
42.279299,-74.486287,3371,"Croute_new_7"
42.278435,-74.486403,3386,"Croute_new_7"
42.277526,-74.486532,3406,"Croute_new_7"
42.276681,-74.486902,3440,"Croute_new_7"
42.275974,-74.487854,3440,"Croute_new_7"
42.275126,-74.487594,3455,"Croute_new_7"
42.274466,-74.487005,3454,"Croute_new_7"
42.273868,-74.486113,3475,"Croute_new_7"
42.273063,-74.485452,3481,"Croute_new_7"
42.272582,-74.484522,3492,"Croute_new_7"
42.273363,-74.483995,3539,"Croute_new_7"
42.271768,-74.483765,3478,"Croute_new_7"
42.271035,-74.482983,3482,"Croute_new_7"
42.270284,-74.482237,3490,"Croute_new_7"
42.269523,-74.481383,3492,"Croute_new_7"
42.269068,-74.480343,3493,"Croute_new_7"
42.268721,-74.479243,3493,"Croute_new_7"
42.268392,-74.478203,3493,"Croute_new_7"
42.268126,-74.477198,3497,"Croute_new_7"
42.267508,-74.475894,3569,"Croute_new_7"
42.266956,-74.475256,3609,"Croute_new_7"
42.266564,-74.474350,3609,"Croute_new_7"
42.265498,-74.473643,3606,"Croute_new_7"
42.265029,-74.473380,3600,"Croute_new_7"
42.264699,-74.474196,3600,"Croute_new_7"
42.264068,-74.473934,3594,"Croute_new_7"
42.289104,-74.489749,3297,"Croute_new_8"
42.289979,-74.489960,3366,"Croute_new_8"
42.290827,-74.490245,3426,"Croute_new_8"
42.291675,-74.490675,3422,"Croute_new_8"
42.292549,-74.490655,3430,"Croute_new_8"
42.293557,-74.490477,3459,"Croute_new_8"
42.294278,-74.490738,3485,"Croute_new_8"
42.356672,-74.362652,2291,"Croute_new_9"
42.356401,-74.360979,2347,"Croute_new_9"
42.356206,-74.359827,2407,"Croute_new_9"
42.356434,-74.358817,2459,"Croute_new_9"
42.357896,-74.359324,2493,"Croute_new_9"
42.358942,-74.359544,2479,"Croute_new_9"
42.359624,-74.360654,2497,"Croute_new_9"
42.360471,-74.360792,2513,"Croute_new_9"
42.361279,-74.360310,2531,"Croute_new_9"
42.362078,-74.359828,2552,"Croute_new_9"
42.363291,-74.359403,2568,"Croute_new_9"
42.364418,-74.359622,2573,"Croute_new_9"
42.364910,-74.358937,2617,"Croute_new_9"
42.364272,-74.357608,2706,"Croute_new_9"
42.363888,-74.356652,2776,"Croute_new_9"
42.362832,-74.356274,2840,"Croute_new_9"
42.361992,-74.355785,2920,"Croute_new_9"
42.360936,-74.355359,2915,"Croute_new_9"
42.360583,-74.355132,2889,"Croute_new_9"
42.360735,-74.353357,2953,"Croute_new_9"
42.360306,-74.352293,3016,"Croute_new_9"
42.359905,-74.351398,3086,"Croute_new_9"
42.359061,-74.350253,3164,"Croute_new_9"
42.358434,-74.349325,3260,"Croute_new_9"
42.357664,-74.348446,3313,"Croute_new_9"
42.356937,-74.347361,3370,"Croute_new_9"
42.356230,-74.346591,3430,"Croute_new_9"
42.355208,-74.345910,3421,"Croute_new_9"
42.360331,-74.356749,2753,"Croute_new_9"
42.359987,-74.357967,2613,"Croute_new_9"
42.359568,-74.358761,2516,"Croute_new_9"
42.373005,-74.223319,2021,"Croute_new_10"
42.372251,-74.222406,2088,"Croute_new_10"
42.371331,-74.222113,2143,"Croute_new_10"
42.370397,-74.222550,2220,"Croute_new_10"
42.369768,-74.221465,2238,"Croute_new_10"
42.369419,-74.220425,2245,"Croute_new_10"
42.368906,-74.219180,2244,"Croute_new_10"
42.368241,-74.218047,2251,"Croute_new_10"
42.367204,-74.217853,2304,"Croute_new_10"
42.366387,-74.218264,2370,"Croute_new_10"
42.365452,-74.218482,2411,"Croute_new_10"
42.364519,-74.219076,2509,"Croute_new_10"
42.363654,-74.218929,2624,"Croute_new_10"
42.362635,-74.218748,2715,"Croute_new_10"
42.361716,-74.218674,2780,"Croute_new_10"
42.360743,-74.218698,2838,"Croute_new_10"
42.360046,-74.219484,2862,"Croute_new_10"
42.359442,-74.220645,2847,"Croute_new_10"
42.358539,-74.220292,2888,"Croute_new_10"
42.358646,-74.218918,2941,"Croute_new_10"
42.358586,-74.218021,2939,"Croute_new_10"
42.264351,-74.442443,1728,"Croute_new_11"
42.261983,-74.446223,1888,"Croute_new_11"
42.261680,-74.446904,1932,"Croute_new_11"
42.260773,-74.449288,2070,"Croute_new_11"
42.259292,-74.452247,2277,"Croute_new_11"
42.258739,-74.453380,2367,"Croute_new_11"
42.256783,-74.454839,2467,"Croute_new_11"
42.255821,-74.455224,2524,"Croute_new_11"
42.254812,-74.455220,2550,"Croute_new_11"
42.253414,-74.454856,2688,"Croute_new_11"
42.252308,-74.456975,2829,"Croute_new_11"
42.251422,-74.456389,2929,"Croute_new_11"
42.250111,-74.455200,3068,"Croute_new_11"
42.249401,-74.453582,3074,"Croute_new_11"
42.248844,-74.452168,3112,"Croute_new_11"
42.248054,-74.450842,3287,"Croute_new_11"
42.247340,-74.450217,3403,"Croute_new_11"
42.245837,-74.448606,3546,"Croute_new_11"
42.245802,-74.446970,3556,"Croute_new_11"
42.253743,-74.457630,2852,"Croute_new_12"
42.254789,-74.457948,2905,"Croute_new_12"
42.255910,-74.458945,2947,"Croute_new_12"
42.257463,-74.459683,3060,"Croute_new_12"
42.258936,-74.460834,3165,"Croute_new_12"
42.259572,-74.461847,3265,"Croute_new_12"
42.259681,-74.464017,3330,"Croute_new_12"
42.260056,-74.465238,3337,"Croute_new_12"
42.260690,-74.466106,3342,"Croute_new_12"
42.261013,-74.467800,3372,"Croute_new_12"
42.261323,-74.468561,3390,"Croute_new_12"
42.261015,-74.470080,3400,"Croute_new_12"
42.261698,-74.471796,3406,"Croute_new_12"
42.262517,-74.471643,3443,"Croute_new_12"
42.262862,-74.470185,3489,"Croute_new_12"
42.263899,-74.470601,3509,"Croute_new_12"
42.264833,-74.471963,3539,"Croute_new_12"
42.045974,-74.575099,3294,"Croute_new_13"
42.045501,-74.573797,3240,"Croute_new_13"
42.045694,-74.572442,3214,"Croute_new_13"
42.045410,-74.571151,3233,"Croute_new_13"
42.045125,-74.569715,3209,"Croute_new_13"
42.045255,-74.568264,3203,"Croute_new_13"
42.045249,-74.566609,3214,"Croute_new_13"
42.045261,-74.565171,3221,"Croute_new_13"
42.045301,-74.563793,3223,"Croute_new_13"
42.045368,-74.562391,3211,"Croute_new_13"
42.045497,-74.560965,3220,"Croute_new_13"
42.045402,-74.559588,3234,"Croute_new_13"
42.045037,-74.558454,3290,"Croute_new_13"
42.044574,-74.557443,3364,"Croute_new_13"
42.044344,-74.556163,3416,"Croute_new_13"
42.044016,-74.555090,3452,"Croute_new_13"
42.043570,-74.553946,3498,"Croute_new_13"
42.042603,-74.553179,3552,"Croute_new_13"
42.041825,-74.552254,3624,"Croute_new_13"
42.041291,-74.551605,3683,"Croute_new_13"
42.040620,-74.550329,3739,"Croute_new_13"
42.039761,-74.549514,3821,"Croute_new_13"
41.922646,-74.505523,2462,"Croute_new_14"
41.923721,-74.506118,2437,"Croute_new_14"
41.925072,-74.506228,2377,"Croute_new_14"
41.926881,-74.505901,2293,"Croute_new_14"
41.928097,-74.505843,2260,"Croute_new_14"
41.929640,-74.506639,2224,"Croute_new_14"
41.930214,-74.508142,2239,"Croute_new_14"
41.930526,-74.509491,2306,"Croute_new_14"
41.931684,-74.510544,2365,"Croute_new_14"
41.931905,-74.511712,2403,"Croute_new_14"
41.931785,-74.513172,2426,"Croute_new_14"
41.931081,-74.514902,2480,"Croute_new_14"
41.930058,-74.515863,2516,"Croute_new_14"
41.929404,-74.516724,2547,"Croute_new_14"
41.929131,-74.518270,2555,"Croute_new_14"
41.928036,-74.519038,2643,"Croute_new_14"
41.926924,-74.520277,2697,"Croute_new_14"
41.925871,-74.520466,2800,"Croute_new_14"
41.924712,-74.518919,2922,"Croute_new_14"
41.923994,-74.517477,2997,"Croute_new_14"
41.863927,-74.346098,1232,"Croute_new_15"
41.865161,-74.347820,1278,"Croute_new_15"
41.865466,-74.349070,1256,"Croute_new_15"
41.865780,-74.350597,1233,"Croute_new_15"
41.866547,-74.352349,1331,"Croute_new_15"
41.865815,-74.353549,1424,"Croute_new_15"
41.866698,-74.355131,1520,"Croute_new_15"
41.867651,-74.356483,1521,"Croute_new_15"
41.869028,-74.359529,1696,"Croute_new_15"
41.872208,-74.361305,1722,"Croute_new_15"
41.872630,-74.362675,1785,"Croute_new_15"
41.873927,-74.364289,1779,"Croute_new_15"
41.873762,-74.365327,1783,"Croute_new_15"
41.873253,-74.366224,1801,"Croute_new_15"
41.872783,-74.369132,1754,"Croute_new_15"
41.872244,-74.371006,1702,"Croute_new_15"
41.915032,-74.429106,1311,"Croute_new_16"
41.915853,-74.427459,1407,"Croute_new_16"
41.916555,-74.427308,1459,"Croute_new_16"
41.917583,-74.425912,1547,"Croute_new_16"
41.918444,-74.425108,1570,"Croute_new_16"
41.919835,-74.424107,1588,"Croute_new_16"
41.920721,-74.422977,1628,"Croute_new_16"
41.922607,-74.421984,1711,"Croute_new_16"
41.923849,-74.421707,1774,"Croute_new_16"
41.924879,-74.420612,1829,"Croute_new_16"
41.925884,-74.419759,1888,"Croute_new_16"
41.927150,-74.419096,1954,"Croute_new_16"
41.928205,-74.419340,2016,"Croute_new_16"
41.929124,-74.419332,2050,"Croute_new_16"
41.931356,-74.419010,2155,"Croute_new_16"
41.932965,-74.418404,2278,"Croute_new_16"
41.934128,-74.418599,2397,"Croute_new_16"
41.936124,-74.418014,2477,"Croute_new_16"
41.937079,-74.417945,2543,"Croute_new_16"
41.938248,-74.417536,2630,"Croute_new_16"
41.939533,-74.416945,2686,"Croute_new_16"
41.940524,-74.417141,2722,"Croute_new_16"
41.941980,-74.416488,2847,"Croute_new_16"
41.943292,-74.415873,2951,"Croute_new_16"
41.944583,-74.414752,2982,"Croute_new_16"
41.945244,-74.413575,3027,"Croute_new_16"
41.945821,-74.411905,3126,"Croute_new_16"
41.945845,-74.407803,3328,"Croute_new_16"
41.945043,-74.406037,3490,"Croute_new_16"
41.945056,-74.405036,3507,"Croute_new_16"
41.945736,-74.404185,3506,"Croute_new_16"
41.947268,-74.402614,3564,"Croute_new_16"
41.948415,-74.401457,3619,"Croute_new_16"
41.949555,-74.400735,3615,"Croute_new_16"
41.952066,-74.398793,3766,"Croute_new_16"
41.952917,-74.397795,3813,"Croute_new_16"
41.953908,-74.397858,3765,"Croute_new_16"
41.954944,-74.397849,3679,"Croute_new_16"
41.956323,-74.398162,3650,"Croute_new_16"
41.957530,-74.398186,3675,"Croute_new_16"
41.958531,-74.398467,3725,"Croute_new_16"
41.959085,-74.399282,3795,"Croute_new_16"
41.959174,-74.400862,3817,"Croute_new_16"
41.958885,-74.402349,3823,"Croute_new_16"
41.958570,-74.404174,3771,"Croute_new_16"
41.959200,-74.405725,3659,"Croute_new_16"
41.927019,-74.288514,3053,"Croute_new_17"
41.926028,-74.288513,3079,"Croute_new_17"
41.924717,-74.287635,3085,"Croute_new_17"
41.924364,-74.287374,3078,"Croute_new_17"
41.923424,-74.288373,2945,"Croute_new_17"
41.921717,-74.289031,2813,"Croute_new_17"
41.920516,-74.289901,2715,"Croute_new_17"
41.919511,-74.290527,2649,"Croute_new_17"
41.918548,-74.290731,2538,"Croute_new_17"
41.916391,-74.291394,2324,"Croute_new_17"
41.915343,-74.292455,2188,"Croute_new_17"
41.914266,-74.292973,2105,"Croute_new_17"
41.913086,-74.294421,2082,"Croute_new_17"
41.913529,-74.296116,2047,"Croute_new_17"
41.913695,-74.298345,1970,"Croute_new_17"
41.914824,-74.301806,1861,"Croute_new_17"
41.916355,-74.303236,1789,"Croute_new_17"
41.917276,-74.305071,1715,"Croute_new_17"
41.917997,-74.306607,1690,"Croute_new_17"
41.919284,-74.308052,1682,"Croute_new_17"
41.920976,-74.309348,1663,"Croute_new_17"
41.922494,-74.310092,1661,"Croute_new_17"
41.922626,-74.312514,1619,"Croute_new_17"
41.923419,-74.314206,1584,"Croute_new_17"
41.924532,-74.315014,1540,"Croute_new_17"
41.925783,-74.316412,1484,"Croute_new_17"
41.926694,-74.318187,1441,"Croute_new_17"
41.927860,-74.318887,1444,"Croute_new_17"
41.929094,-74.318801,1366,"Croute_new_17"
41.930229,-74.320333,1349,"Croute_new_17"
41.931501,-74.322189,1313,"Croute_new_17"
41.932359,-74.324206,1253,"Croute_new_17"
41.933573,-74.325448,1210,"Croute_new_17"
41.934563,-74.326704,1182,"Croute_new_17"
41.935619,-74.327163,1166,"Croute_new_17"
41.935418,-74.328239,1109,"Croute_new_17"
41.924731,-74.285537,2957,"Croute_new_18"
41.924156,-74.282974,2769,"Croute_new_18"
41.923204,-74.280501,2788,"Croute_new_18"
41.984512,-74.361065,3414,"Croute_new_19"
41.983079,-74.360899,3381,"Croute_new_19"
41.982194,-74.360521,3364,"Croute_new_19"
41.981334,-74.359769,3368,"Croute_new_19"
41.980689,-74.358726,3423,"Croute_new_19"
41.979670,-74.358506,3480,"Croute_new_19"
41.978751,-74.358540,3554,"Croute_new_19"
41.977921,-74.358258,3588,"Croute_new_19"
41.977170,-74.357674,3594,"Croute_new_19"
41.987785,-74.361709,3686,"Croute_new_20"
41.986859,-74.362056,3638,"Croute_new_20"
41.986156,-74.361930,3513,"Croute_new_20"
41.985526,-74.362081,3473,"Croute_new_20"
41.983868,-74.327247,985,"Croute_new_21"
41.984676,-74.328241,1062,"Croute_new_21"
41.985052,-74.329383,1175,"Croute_new_21"
41.984932,-74.330532,1277,"Croute_new_21"
41.984614,-74.331645,1380,"Croute_new_21"
41.983753,-74.332137,1498,"Croute_new_21"
41.983282,-74.333241,1652,"Croute_new_21"
41.982684,-74.334164,1779,"Croute_new_21"
41.982826,-74.335382,1846,"Croute_new_21"
41.984313,-74.338771,2066,"Croute_new_21"
41.984708,-74.340034,2145,"Croute_new_21"
41.985003,-74.341263,2233,"Croute_new_21"
41.985289,-74.342394,2284,"Croute_new_21"
41.985639,-74.343767,2299,"Croute_new_21"
41.986158,-74.344800,2363,"Croute_new_21"
41.986552,-74.345931,2403,"Croute_new_21"
41.986713,-74.347233,2442,"Croute_new_21"
41.986675,-74.348549,2473,"Croute_new_21"
41.986691,-74.349732,2520,"Croute_new_21"
41.986743,-74.351047,2604,"Croute_new_21"
41.986984,-74.352143,2731,"Croute_new_21"
41.987297,-74.353384,2826,"Croute_new_21"
41.987249,-74.354567,2898,"Croute_new_21"
41.987066,-74.355668,2971,"Croute_new_21"
41.986704,-74.356866,3032,"Croute_new_21"
41.986188,-74.357934,3077,"Croute_new_21"
41.985679,-74.358844,3144,"Croute_new_21"
41.985054,-74.359804,3243,"Croute_new_21"
42.003237,-74.218535,2356,"Croute_new_22"
42.002814,-74.217224,2500,"Croute_new_22"
42.002346,-74.215926,2428,"Croute_new_22"
42.001965,-74.218237,2429,"Croute_new_22"
42.001141,-74.218899,2355,"Croute_new_22"
42.000260,-74.219103,2269,"Croute_new_22"
41.999245,-74.219477,2187,"Croute_new_22"
41.998547,-74.220150,2131,"Croute_new_22"
41.997795,-74.220799,2074,"Croute_new_22"
41.996809,-74.221572,1993,"Croute_new_22"
41.995713,-74.221899,1920,"Croute_new_22"
41.994958,-74.222186,1804,"Croute_new_22"
41.994163,-74.221870,1667,"Croute_new_22"
41.993949,-74.220822,1382,"Croute_new_22"
41.993912,-74.219313,1455,"Croute_new_22"
41.993209,-74.218006,1260,"Croute_new_22"
41.992405,-74.217629,1339,"Croute_new_22"
41.991760,-74.216780,881,"Croute_new_22"
41.992147,-74.215387,957,"Croute_new_22"
41.991994,-74.214193,648,"Croute_new_22"
41.990902,-74.213748,933,"Croute_new_22"
41.990552,-74.214054,919,"Croute_new_22"
41.996211,-74.223728,0,"Croute_new_23"
42.000046,-74.228729,0,"Croute_new_23"
42.003231,-74.224198,0,"Croute_new_23"
42.007525,-74.229230,0,"Croute_new_23"
42.007511,-74.223120,0,"Croute_new_23"
42.003975,-74.215833,0,"Croute_new_23"
42.006933,-74.218925,0,"Croute_new_23"
42.006428,-74.214910,0,"Croute_new_23"
42.007480,-74.215911,0,"Croute_new_23"
42.007477,-74.214172,0,"Croute_new_23"
42.003388,-74.210298,0,"Croute_new_23"
42.000458,-74.209827,0,"Croute_new_23"
41.997318,-74.214309,0,"Croute_new_23"
41.996221,-74.215880,0,"Croute_new_23"
42.026487,-74.403721,2091,"Croute_new_24"
42.026252,-74.401899,2143,"Croute_new_24"
42.026445,-74.400810,2178,"Croute_new_24"
42.026681,-74.399576,2268,"Croute_new_24"
42.026900,-74.398281,2391,"Croute_new_24"
42.026828,-74.396676,2480,"Croute_new_24"
42.027153,-74.394981,2569,"Croute_new_24"
42.027497,-74.393698,2630,"Croute_new_24"
42.028019,-74.391953,2740,"Croute_new_24"
42.028717,-74.391125,2770,"Croute_new_24"
42.029538,-74.391250,2767,"Croute_new_24"
42.030794,-74.392144,2776,"Croute_new_24"
42.031484,-74.393092,2788,"Croute_new_24"
42.032226,-74.393689,2821,"Croute_new_24"
42.033299,-74.393944,2852,"Croute_new_24"
42.034336,-74.394309,2883,"Croute_new_24"
42.035348,-74.394783,2978,"Croute_new_24"
42.036203,-74.394750,3082,"Croute_new_24"
42.036988,-74.395009,3162,"Croute_new_24"
42.037950,-74.394758,3148,"Croute_new_24"
42.039068,-74.394929,3171,"Croute_new_24"
42.040096,-74.395209,3188,"Croute_new_24"
42.040880,-74.395214,3190,"Croute_new_24"
42.042056,-74.394514,3174,"Croute_new_24"
42.042895,-74.394747,3159,"Croute_new_24"
42.043871,-74.395306,3074,"Croute_new_24"
42.044799,-74.395478,3038,"Croute_new_24"
42.045701,-74.395796,3027,"Croute_new_24"
42.046883,-74.396051,3028,"Croute_new_24"
42.047828,-74.396006,3098,"Croute_new_24"
42.048400,-74.395058,3228,"Croute_new_24"
42.049260,-74.394228,3315,"Croute_new_24"
42.050135,-74.394449,3391,"Croute_new_24"
42.050946,-74.394574,3474,"Croute_new_24"
42.051646,-74.394108,3554,"Croute_new_24"
42.052844,-74.394194,3608,"Croute_new_24"
42.053669,-74.393533,3633,"Croute_new_24"
42.054793,-74.393100,3681,"Croute_new_24"
42.055651,-74.393502,3730,"Croute_new_24"
42.056392,-74.394088,3741,"Croute_new_24"
42.057108,-74.394854,3716,"Croute_new_24"
42.093682,-74.255251,2440,"Croute_new_25"
42.094367,-74.253985,2513,"Croute_new_25"
42.094603,-74.252846,2591,"Croute_new_25"
42.095151,-74.251352,2706,"Croute_new_25"
42.095451,-74.250381,2803,"Croute_new_25"
42.095701,-74.248624,2884,"Croute_new_25"
42.095445,-74.248071,2882,"Croute_new_25"
42.094532,-74.247550,2820,"Croute_new_25"
42.093614,-74.247645,2721,"Croute_new_25"
42.093822,-74.249130,2689,"Croute_new_25"
42.093939,-74.250471,2647,"Croute_new_25"
42.094125,-74.251376,2619,"Croute_new_25"
42.078087,-74.243622,1349,"Croute_new_26"
42.077878,-74.244688,1421,"Croute_new_26"
42.076983,-74.245436,1512,"Croute_new_26"
42.076945,-74.246585,1559,"Croute_new_26"
42.077706,-74.247193,1609,"Croute_new_26"
42.078422,-74.247909,1661,"Croute_new_26"
42.079544,-74.248803,1732,"Croute_new_26"
42.080485,-74.249396,1786,"Croute_new_26"
42.081026,-74.250792,1864,"Croute_new_26"
42.082383,-74.251780,1899,"Croute_new_26"
42.083431,-74.252215,1909,"Croute_new_26"
42.084362,-74.252760,1943,"Croute_new_26"
42.085553,-74.253181,2010,"Croute_new_26"
42.086431,-74.253872,2006,"Croute_new_26"
42.087338,-74.254793,2000,"Croute_new_26"
42.088619,-74.255104,2027,"Croute_new_26"
42.089052,-74.255160,2047,"Croute_new_26"
42.090270,-74.255581,2129,"Croute_new_26"
42.091298,-74.255798,2219,"Croute_new_26"
42.092199,-74.255752,2317,"Croute_new_26"
42.071107,-74.122099,1805,"Croute_new_27"
42.071049,-74.120492,1847,"Croute_new_27"
42.071850,-74.119236,1905,"Croute_new_27"
42.072383,-74.117113,1987,"Croute_new_27"
42.073480,-74.115611,2067,"Croute_new_27"
42.074294,-74.113714,2150,"Croute_new_27"
42.074662,-74.112379,2234,"Croute_new_27"
42.075758,-74.110889,2338,"Croute_new_27"
42.077479,-74.109837,2425,"Croute_new_27"
42.079303,-74.109352,2518,"Croute_new_27"
42.080159,-74.108240,2587,"Croute_new_27"
42.080418,-74.106749,2637,"Croute_new_27"
42.082659,-74.104251,2768,"Croute_new_27"
42.083244,-74.102986,2810,"Croute_new_27"
42.083170,-74.101621,2840,"Croute_new_27"
42.084311,-74.100057,2900,"Croute_new_27"
42.085001,-74.098548,2962,"Croute_new_27"
42.085406,-74.097345,2992,"Croute_new_27"
42.085281,-74.095207,3062,"Croute_new_27"
42.085031,-74.093143,3130,"Croute_new_27"
42.084867,-74.091852,3113,"Croute_new_27"
42.126827,-74.062567,2233,"Croute_new_28"
42.127985,-74.062162,2271,"Croute_new_28"
42.128853,-74.062525,2301,"Croute_new_28"
42.129774,-74.063927,2273,"Croute_new_28"
42.130749,-74.064179,2331,"Croute_new_28"
42.132360,-74.064143,2446,"Croute_new_28"
42.133542,-74.064331,2502,"Croute_new_28"
42.134413,-74.065165,2497,"Croute_new_28"
42.134992,-74.066524,2470,"Croute_new_28"
42.136627,-74.067202,2336,"Croute_new_28"
42.138231,-74.068340,2354,"Croute_new_28"
42.140077,-74.069462,2389,"Croute_new_28"
42.141141,-74.070742,2409,"Croute_new_28"
42.142540,-74.072246,2429,"Croute_new_28"
42.142287,-74.074355,2381,"Croute_new_28"
42.141543,-74.075855,2333,"Croute_new_28"
42.140213,-74.076213,2273,"Croute_new_28"
42.139432,-74.075498,2225,"Croute_new_28"
42.138157,-74.075940,2177,"Croute_new_28"
42.136363,-74.080141,2060,"Croute_new_28"
42.135344,-74.081172,1985,"Croute_new_28"
42.182270,-74.269542,2137,"Croute_new_29"
42.181327,-74.268487,2168,"Croute_new_29"
42.180868,-74.267100,2176,"Croute_new_29"
42.179395,-74.264998,2211,"Croute_new_29"
42.178728,-74.263480,2239,"Croute_new_29"
42.177911,-74.262485,2252,"Croute_new_29"
42.177018,-74.260921,2283,"Croute_new_29"
42.176250,-74.259162,2318,"Croute_new_29"
42.175388,-74.258046,2348,"Croute_new_29"
42.174843,-74.257399,2387,"Croute_new_29"
42.175431,-74.260661,2421,"Croute_new_29"
42.174768,-74.262497,2561,"Croute_new_29"
42.172737,-74.264579,2752,"Croute_new_29"
42.171647,-74.264543,2892,"Croute_new_29"
42.170981,-74.266100,3012,"Croute_new_29"
42.170872,-74.268741,3166,"Croute_new_29"
42.169898,-74.268534,3273,"Croute_new_29"
42.169026,-74.268823,3378,"Croute_new_29"
42.168172,-74.270491,3453,"Croute_new_29"
42.167119,-74.271920,3496,"Croute_new_29"
42.166615,-74.273451,3562,"Croute_new_29"
42.166875,-74.274671,3604,"Croute_new_29"
42.167163,-74.276023,3591,"Croute_new_29"
42.167804,-74.277759,3645,"Croute_new_29"
42.168954,-74.280119,3698,"Croute_new_29"
42.169309,-74.282161,3673,"Croute_new_29"
42.169473,-74.283927,3673,"Croute_new_29"
42.169520,-74.285682,3727,"Croute_new_29"
42.168831,-74.287881,3815,"Croute_new_29"
42.168298,-74.289134,3875,"Croute_new_29"
42.160703,-74.081992,3547,"Croute_new_30"
42.161669,-74.081058,3626,"Croute_new_30"
42.162541,-74.080912,3634,"Croute_new_30"
42.164589,-74.081318,3451,"Croute_new_30"
42.166059,-74.081539,3210,"Croute_new_30"
42.167482,-74.081639,3040,"Croute_new_30"
42.167623,-74.080039,3007,"Croute_new_30"
42.168833,-74.079308,2900,"Croute_new_30"
42.169814,-74.081485,2869,"Croute_new_30"
42.171103,-74.081696,2838,"Croute_new_30"
42.173266,-74.080769,2756,"Croute_new_30"
42.175227,-74.080389,2659,"Croute_new_30"
42.175997,-74.078756,2520,"Croute_new_30"
42.176540,-74.077924,2386,"Croute_new_30"
42.177674,-74.077896,2272,"Croute_new_30"
42.178511,-74.077823,2238,"Croute_new_30"
42.178244,-74.075926,2221,"Croute_new_30"
42.177331,-74.074389,2211,"Croute_new_30"
42.176888,-74.073016,2169,"Croute_new_30"
42.176216,-74.072347,2176,"Croute_new_30"
42.175299,-74.071489,2180,"Croute_new_30"
42.175026,-74.069979,2185,"Croute_new_30"
42.174136,-74.068031,2202,"Croute_new_30"
42.172310,-74.064922,2213,"Croute_new_30"
42.171443,-74.063543,2213,"Croute_new_30"
42.171223,-74.061984,2177,"Croute_new_30"
42.170451,-74.061184,2170,"Croute_new_30"
42.167707,-74.059312,2192,"Croute_new_30"
42.166968,-74.058197,2198,"Croute_new_30"
42.166184,-74.055884,2214,"Croute_new_30"
42.165559,-74.054453,2210,"Croute_new_30"
42.165863,-74.051930,2205,"Croute_new_30"
42.165305,-74.049796,2323,"Croute_new_30"
42.166953,-74.048706,2335,"Croute_new_30"
42.167324,-74.046812,2338,"Croute_new_30"
42.167149,-74.045180,2248,"Croute_new_30"
42.168160,-74.044451,2097,"Croute_new_30"
42.167934,-74.043243,1982,"Croute_new_30"
42.169253,-74.041529,1888,"Croute_new_30"
42.169939,-74.039617,1762,"Croute_new_30"
42.170547,-74.037937,1629,"Croute_new_30"
42.169229,-74.037582,1571,"Croute_new_30"
42.167469,-74.038263,1505,"Croute_new_30"
42.167815,-74.036538,1356,"Croute_new_30"
42.168733,-74.034285,1205,"Croute_new_30"
42.171423,-74.031846,989,"Croute_new_30"
42.172567,-74.030848,870,"Croute_new_30"
42.174155,-74.031175,727,"Croute_new_30"
42.173943,-74.028454,575,"Croute_new_30"
42.175691,-74.032774,641,"Croute_new_30"
42.176706,-74.036779,656,"Croute_new_30"
42.167103,-74.050580,2295,"Croute_new_31"
42.168941,-74.051654,2220,"Croute_new_31"
42.169384,-74.053052,2176,"Croute_new_31"
42.169636,-74.054017,2141,"Croute_new_31"
42.151027,-74.131198,1987,"Croute_new_32"
42.150054,-74.131163,2033,"Croute_new_32"
42.148711,-74.132283,2091,"Croute_new_32"
42.148197,-74.133367,2124,"Croute_new_32"
42.148636,-74.135503,2117,"Croute_new_32"
42.148936,-74.137048,2155,"Croute_new_32"
42.148963,-74.138270,2203,"Croute_new_32"
42.149803,-74.139796,2245,"Croute_new_32"
42.150188,-74.140674,2271,"Croute_new_32"
42.149784,-74.142059,2340,"Croute_new_32"
42.148413,-74.142973,2442,"Croute_new_32"
42.147389,-74.142152,2545,"Croute_new_32"
42.146175,-74.142326,2632,"Croute_new_32"
42.146452,-74.143254,2655,"Croute_new_32"
42.145441,-74.142893,2735,"Croute_new_32"
42.145483,-74.144925,2743,"Croute_new_32"
42.144566,-74.147564,2694,"Croute_new_32"
42.143503,-74.148788,2711,"Croute_new_32"
42.143166,-74.149543,2724,"Croute_new_32"
42.142167,-74.150779,2705,"Croute_new_32"
42.141204,-74.152086,2687,"Croute_new_32"
42.140418,-74.153053,2579,"Croute_new_32"
42.139014,-74.153156,2580,"Croute_new_32"
42.138965,-74.155093,2586,"Croute_new_32"
42.137875,-74.156257,2643,"Croute_new_32"
42.137055,-74.157454,2691,"Croute_new_32"
42.136265,-74.159013,2686,"Croute_new_32"
42.135234,-74.160902,2685,"Croute_new_32"
42.134481,-74.160101,2811,"Croute_new_32"
42.134668,-74.158574,2967,"Croute_new_32"
42.134039,-74.157494,3181,"Croute_new_32"
42.132912,-74.156105,3425,"Croute_new_32"
42.131969,-74.155259,3574,"Croute_new_32"
42.131452,-74.153596,3698,"Croute_new_32"
42.131258,-74.151662,3771,"Croute_new_32"
42.131304,-74.149411,3795,"Croute_new_32"
42.130095,-74.146620,3704,"Croute_new_32"
42.129396,-74.144754,3659,"Croute_new_32"
42.129510,-74.143095,3618,"Croute_new_32"
42.129420,-74.141899,3546,"Croute_new_32"
42.129135,-74.139979,3416,"Croute_new_32"
42.129010,-74.138892,3266,"Croute_new_32"
42.129489,-74.137845,3117,"Croute_new_32"
42.129987,-74.137124,2990,"Croute_new_32"
42.129438,-74.135885,2873,"Croute_new_32"
42.130124,-74.134968,2768,"Croute_new_32"
42.130726,-74.133508,2681,"Croute_new_32"
42.131520,-74.132590,2651,"Croute_new_32"
42.132645,-74.132369,2593,"Croute_new_32"
42.132887,-74.133527,2578,"Croute_new_32"
42.133743,-74.134762,2574,"Croute_new_32"
42.134877,-74.134553,2523,"Croute_new_32"
42.135930,-74.134478,2464,"Croute_new_32"
42.137134,-74.134135,2397,"Croute_new_32"
42.138501,-74.133838,2348,"Croute_new_32"
42.139316,-74.133234,2347,"Croute_new_32"
42.141238,-74.133752,2388,"Croute_new_32"
42.143683,-74.133102,2374,"Croute_new_32"
42.145038,-74.132502,2301,"Croute_new_32"
42.145898,-74.133035,2259,"Croute_new_32"
42.147099,-74.133467,2186,"Croute_new_32"
42.136081,-74.162125,2606,"Croute_new_33"
42.136545,-74.162833,2630,"Croute_new_33"
42.137373,-74.163863,2678,"Croute_new_33"
42.138033,-74.164314,2734,"Croute_new_33"
42.138672,-74.165504,2843,"Croute_new_33"
42.139364,-74.166499,2976,"Croute_new_33"
42.139149,-74.167845,3125,"Croute_new_33"
42.138735,-74.169133,3270,"Croute_new_33"
42.138572,-74.170309,3417,"Croute_new_33"
42.138807,-74.171625,3590,"Croute_new_33"
42.138940,-74.172567,3758,"Croute_new_33"
42.138031,-74.173886,3798,"Croute_new_33"
42.137776,-74.174869,3811,"Croute_new_33"
42.195521,-74.062969,1968,"Croute_new_34"
42.194443,-74.062258,2053,"Croute_new_34"
42.193565,-74.062744,1973,"Croute_new_34"
42.193731,-74.061094,2039,"Croute_new_34"
42.194272,-74.059972,2082,"Croute_new_34"
42.194332,-74.058578,2119,"Croute_new_34"
42.193363,-74.058968,2151,"Croute_new_34"
42.192496,-74.059756,2181,"Croute_new_34"
42.191754,-74.060494,2209,"Croute_new_34"
42.191004,-74.060141,2238,"Croute_new_34"
42.190018,-74.059684,2280,"Croute_new_34"
42.189238,-74.059005,2284,"Croute_new_34"
42.188494,-74.058289,2328,"Croute_new_34"
42.187730,-74.057429,2330,"Croute_new_34"
42.187012,-74.056567,2332,"Croute_new_34"
42.186741,-74.055457,2359,"Croute_new_34"
42.186902,-74.054244,2387,"Croute_new_34"
42.187163,-74.053029,2423,"Croute_new_34"
42.187585,-74.051812,2446,"Croute_new_34"
42.188271,-74.050893,2475,"Croute_new_34"
42.189050,-74.051414,2492,"Croute_new_34"
42.189610,-74.050583,2514,"Croute_new_34"
42.190637,-74.050628,2463,"Croute_new_34"
42.190248,-74.049277,2470,"Croute_new_34"
42.190007,-74.048445,2475,"Croute_new_34"
42.188813,-74.048911,2473,"Croute_new_34"
42.188388,-74.049814,2462,"Croute_new_34"
42.188630,-74.047485,2456,"Croute_new_34"
42.189071,-74.046364,2453,"Croute_new_34"
42.189422,-74.045232,2447,"Croute_new_34"
42.189646,-74.044042,2439,"Croute_new_34"
42.189897,-74.042779,2448,"Croute_new_34"
42.190256,-74.041623,2446,"Croute_new_34"
42.190715,-74.040526,2436,"Croute_new_34"
42.190978,-74.039662,2430,"Croute_new_34"
42.189937,-74.039024,2405,"Croute_new_34"
42.189539,-74.037710,2419,"Croute_new_34"
42.189724,-74.037174,2423,"Croute_new_34"
42.190623,-74.037028,2446,"Croute_new_34"
42.191484,-74.036627,2463,"Croute_new_34"
42.192162,-74.035878,2428,"Croute_new_34"
42.193093,-74.036263,2412,"Croute_new_34"
42.193765,-74.036907,2380,"Croute_new_34"
42.194267,-74.035604,2314,"Croute_new_34"
42.194997,-74.034502,2240,"Croute_new_34"
42.195868,-74.034235,2192,"Croute_new_34"
42.196309,-74.034240,2160,"Croute_new_34"
42.193421,-74.038850,2381,"Croute_new_34"
42.193376,-74.039892,2367,"Croute_new_34"
42.193026,-74.041194,2359,"Croute_new_34"
42.193081,-74.042343,2329,"Croute_new_34"
42.192910,-74.043484,2268,"Croute_new_34"
42.192796,-74.044855,2290,"Croute_new_34"
42.192400,-74.045939,2318,"Croute_new_34"
42.192535,-74.047027,2293,"Croute_new_34"
42.193218,-74.047925,2245,"Croute_new_34"
42.193927,-74.048810,2227,"Croute_new_34"
42.194349,-74.049640,2201,"Croute_new_34"
42.194603,-74.050956,2176,"Croute_new_34"
42.194728,-74.051935,2166,"Croute_new_34"
42.194270,-74.053165,2159,"Croute_new_34"
42.194270,-74.054352,2148,"Croute_new_34"
42.194343,-74.055538,2149,"Croute_new_34"
42.194481,-74.056965,2149,"Croute_new_34"
42.194632,-74.057823,2135,"Croute_new_34"
42.200607,-74.058279,2280,"Croute_new_34"
42.199383,-74.058394,2247,"Croute_new_34"
42.198375,-74.058494,2238,"Croute_new_34"
42.197321,-74.058449,2213,"Croute_new_34"
42.196367,-74.058499,2182,"Croute_new_34"
42.195509,-74.058246,2150,"Croute_new_34"
42.190734,-74.038443,2454,"Croute_new_35"
42.195689,-74.036454,2198,"Croute_new_35"
42.196202,-74.037476,2184,"Croute_new_35"
42.196143,-74.039112,2175,"Croute_new_35"
42.195450,-74.040164,2160,"Croute_new_35"
42.194746,-74.041143,2153,"Croute_new_35"
42.194513,-74.042298,2153,"Croute_new_35"
42.193825,-74.045106,2132,"Croute_new_35"
42.192448,-74.062748,2172,"Croute_new_36"
42.191826,-74.063726,2163,"Croute_new_36"
42.191095,-74.064682,2137,"Croute_new_36"
42.190337,-74.065589,2115,"Croute_new_36"
42.189588,-74.066593,2071,"Croute_new_36"
42.188942,-74.067910,1992,"Croute_new_36"
42.188019,-74.067415,2023,"Croute_new_36"
42.187659,-74.066367,2049,"Croute_new_36"
42.187360,-74.064991,2099,"Croute_new_36"
42.187250,-74.063709,2172,"Croute_new_36"
42.187068,-74.062331,2215,"Croute_new_36"
42.186689,-74.061126,2235,"Croute_new_36"
42.186094,-74.060008,2238,"Croute_new_36"
42.185411,-74.059110,2206,"Croute_new_36"
42.184660,-74.058637,2170,"Croute_new_36"
42.184388,-74.057285,2187,"Croute_new_36"
42.184764,-74.055886,2193,"Croute_new_36"
42.185157,-74.054512,2202,"Croute_new_36"
42.185074,-74.053181,2177,"Croute_new_36"
42.184821,-74.051877,2185,"Croute_new_36"
42.184540,-74.050574,2196,"Croute_new_36"
42.184241,-74.049343,2207,"Croute_new_36"
42.184014,-74.048026,2220,"Croute_new_36"
42.184355,-74.046738,2230,"Croute_new_36"
42.185049,-74.045807,2241,"Croute_new_36"
42.185857,-74.045419,2290,"Croute_new_36"
42.186146,-74.046650,2358,"Croute_new_36"
42.186670,-74.047938,2407,"Croute_new_36"
42.187524,-74.048749,2432,"Croute_new_36"
42.187667,-74.049740,2460,"Croute_new_36"
42.190660,-74.045783,2455,"Croute_new_36"
42.191237,-74.046913,2421,"Croute_new_36"
42.196035,-74.057548,2194,"Croute_new_37"
42.201692,-74.057718,2309,"Croute_new_37"
42.202859,-74.057192,2319,"Croute_new_37"
42.203254,-74.056023,2344,"Croute_new_37"
42.202955,-74.054683,2346,"Croute_new_37"
42.202981,-74.053471,2365,"Croute_new_37"
42.202998,-74.052199,2383,"Croute_new_37"
42.203591,-74.050979,2428,"Croute_new_37"
42.204286,-74.050024,2441,"Croute_new_37"
42.204917,-74.048997,2446,"Croute_new_37"
42.205321,-74.047791,2452,"Croute_new_37"
42.205509,-74.046541,2449,"Croute_new_37"
42.206248,-74.045524,2448,"Croute_new_37"
42.207160,-74.044796,2464,"Croute_new_37"
42.208201,-74.044344,2493,"Croute_new_37"
42.209079,-74.043725,2502,"Croute_new_37"
42.209863,-74.042793,2482,"Croute_new_37"
42.210604,-74.042006,2476,"Croute_new_37"
42.211318,-74.041123,2463,"Croute_new_37"
42.211326,-74.040033,2452,"Croute_new_37"
42.212527,-74.039251,2548,"Croute_new_37"
42.212706,-74.038110,2592,"Croute_new_37"
42.212894,-74.036835,2628,"Croute_new_37"
42.213198,-74.035546,2653,"Croute_new_37"
42.213845,-74.034264,2650,"Croute_new_37"
42.214410,-74.034049,2639,"Croute_new_37"
42.212740,-74.033542,2614,"Croute_new_37"
42.212530,-74.032164,2530,"Croute_new_37"
42.211740,-74.031425,2499,"Croute_new_37"
42.210764,-74.030967,2500,"Croute_new_37"
42.209826,-74.030800,2497,"Croute_new_37"
42.208793,-74.031106,2504,"Croute_new_37"
42.207640,-74.031112,2469,"Croute_new_37"
42.206852,-74.030615,2454,"Croute_new_37"
42.205844,-74.030631,2454,"Croute_new_37"
42.204836,-74.030779,2410,"Croute_new_37"
42.203950,-74.030332,2412,"Croute_new_37"
42.203112,-74.030345,2371,"Croute_new_37"
42.202116,-74.029706,2291,"Croute_new_37"
42.201344,-74.029924,2280,"Croute_new_37"
42.200450,-74.030822,2267,"Croute_new_37"
42.199588,-74.031090,2227,"Croute_new_37"
42.198571,-74.032219,2195,"Croute_new_37"
42.197999,-74.033791,2179,"Croute_new_37"
42.197927,-74.034942,2170,"Croute_new_37"
42.197199,-74.036116,2157,"Croute_new_37"
42.197290,-74.037362,2157,"Croute_new_37"
42.197697,-74.038616,2163,"Croute_new_37"
42.197698,-74.039791,2166,"Croute_new_37"
42.198363,-74.040701,2160,"Croute_new_37"
42.194559,-74.043520,2180,"Croute_new_37"
42.193583,-74.046429,2205,"Croute_new_37"
42.180149,-74.266055,2197,"Croute_new_38"
42.173619,-74.257474,2438,"Croute_new_38"
42.172643,-74.257073,2483,"Croute_new_38"
42.171884,-74.258014,2542,"Croute_new_38"
42.171200,-74.258119,2571,"Croute_new_38"
42.170342,-74.257802,2612,"Croute_new_38"
42.169564,-74.257182,2645,"Croute_new_38"
42.168697,-74.256889,2674,"Croute_new_38"
42.167717,-74.257107,2693,"Croute_new_38"
42.166872,-74.257371,2677,"Croute_new_38"
42.166081,-74.257646,2651,"Croute_new_38"
42.165092,-74.257828,2610,"Croute_new_38"
42.164200,-74.257790,2569,"Croute_new_38"
42.163255,-74.257849,2511,"Croute_new_38"
42.162383,-74.258126,2440,"Croute_new_38"
42.161530,-74.258583,2382,"Croute_new_38"
42.160651,-74.259102,2327,"Croute_new_38"
42.159781,-74.259584,2269,"Croute_new_38"
42.158955,-74.260127,2215,"Croute_new_38"
42.158074,-74.260379,2182,"Croute_new_38"
42.157193,-74.260510,2155,"Croute_new_38"
42.156285,-74.260799,2130,"Croute_new_38"
42.155522,-74.261195,2095,"Croute_new_38"
42.154472,-74.261764,2025,"Croute_new_38"
42.153782,-74.262305,1991,"Croute_new_38"
42.152984,-74.262883,1946,"Croute_new_38"
42.152223,-74.263546,1911,"Croute_new_38"
42.151516,-74.264256,1882,"Croute_new_38"
42.150545,-74.264570,1847,"Croute_new_38"
42.149852,-74.264614,1829,"Croute_new_38"
42.184733,-74.271621,2133,"Croute_new_39"
42.186009,-74.271182,2137,"Croute_new_39"
42.186792,-74.271137,2157,"Croute_new_39"
42.187610,-74.270752,2192,"Croute_new_39"
42.187997,-74.269307,2238,"Croute_new_39"
42.188813,-74.268728,2267,"Croute_new_39"
42.189559,-74.268598,2276,"Croute_new_39"
42.190802,-74.268596,2281,"Croute_new_39"
42.191698,-74.267811,2314,"Croute_new_39"
42.191771,-74.266623,2378,"Croute_new_39"
42.192451,-74.265937,2425,"Croute_new_39"
42.192777,-74.264758,2459,"Croute_new_39"
42.192417,-74.263406,2499,"Croute_new_39"
42.192383,-74.262280,2536,"Croute_new_39"
42.192303,-74.261034,2568,"Croute_new_39"
42.192395,-74.259991,2610,"Croute_new_39"
42.192349,-74.258478,2654,"Croute_new_39"
42.192225,-74.257413,2689,"Croute_new_39"
42.192063,-74.256059,2724,"Croute_new_39"
42.191839,-74.254790,2757,"Croute_new_39"
42.191642,-74.253605,2782,"Croute_new_39"
42.191418,-74.252397,2809,"Croute_new_39"
42.191257,-74.251115,2837,"Croute_new_39"
42.191339,-74.249866,2874,"Croute_new_39"
42.192035,-74.248914,2898,"Croute_new_39"
42.191558,-74.247539,2974,"Croute_new_39"
42.191297,-74.246330,3051,"Croute_new_39"
42.191191,-74.245157,3113,"Croute_new_39"
42.190876,-74.243889,3188,"Croute_new_39"
42.190374,-74.242878,3253,"Croute_new_39"
42.190179,-74.241923,3308,"Croute_new_39"
42.189620,-74.240525,3383,"Croute_new_39"
42.189400,-74.239910,3417,"Croute_new_39"
42.189075,-74.238509,3489,"Croute_new_39"
42.188761,-74.237350,3548,"Croute_new_39"
42.188188,-74.236437,3583,"Croute_new_39"
42.187820,-74.235315,3603,"Croute_new_39"
42.187344,-74.234170,3610,"Croute_new_39"
42.186851,-74.233099,3617,"Croute_new_39"
42.186126,-74.232478,3652,"Croute_new_39"
42.185148,-74.231739,3667,"Croute_new_39"
42.184360,-74.231022,3670,"Croute_new_39"
42.183854,-74.230737,3672,"Croute_new_39"
42.182895,-74.230143,3693,"Croute_new_39"
42.182244,-74.229691,3732,"Croute_new_39"
42.181243,-74.229534,3780,"Croute_new_39"
42.180215,-74.229340,3837,"Croute_new_39"
42.179359,-74.229363,3886,"Croute_new_39"
42.178470,-74.229640,3969,"Croute_new_39"
42.178003,-74.229900,4014,"Croute_new_39"
42.177108,-74.230674,4019,"Croute_new_39"
42.176400,-74.229883,4014,"Croute_new_39"
42.175613,-74.229348,4005,"Croute_new_39"
42.174747,-74.229164,4002,"Croute_new_39"
42.174324,-74.227910,3977,"Croute_new_39"
42.173124,-74.227647,4011,"Croute_new_39"
42.172230,-74.227258,4002,"Croute_new_39"
42.171397,-74.226590,3971,"Croute_new_39"
42.170721,-74.226526,3957,"Croute_new_39"
42.171057,-74.225492,3913,"Croute_new_39"
42.170206,-74.224922,3905,"Croute_new_39"
42.169498,-74.224071,3876,"Croute_new_39"
42.168986,-74.223024,3837,"Croute_new_39"
42.168475,-74.222049,3798,"Croute_new_39"
42.167565,-74.222000,3770,"Croute_new_39"
42.166724,-74.222712,3744,"Croute_new_39"
42.165963,-74.223375,3713,"Croute_new_39"
42.165538,-74.224470,3694,"Croute_new_39"
42.165447,-74.225706,3669,"Croute_new_39"
42.165374,-74.226966,3634,"Croute_new_39"
42.165410,-74.228261,3602,"Croute_new_39"
42.165376,-74.229823,3565,"Croute_new_39"
42.165437,-74.230948,3533,"Croute_new_39"
42.165921,-74.231862,3547,"Croute_new_39"
42.166656,-74.232761,3577,"Croute_new_39"
42.166953,-74.234065,3547,"Croute_new_39"
42.167381,-74.234726,3521,"Croute_new_39"
42.168412,-74.234036,3486,"Croute_new_39"
42.169127,-74.233179,3497,"Croute_new_39"
42.169888,-74.232541,3513,"Croute_new_39"
42.170780,-74.232627,3501,"Croute_new_39"
42.171640,-74.233222,3514,"Croute_new_39"
42.172040,-74.233871,3516,"Croute_new_39"
42.173180,-74.234571,3479,"Croute_new_39"
42.173993,-74.234997,3409,"Croute_new_39"
42.174531,-74.235935,3366,"Croute_new_39"
42.174729,-74.237216,3298,"Croute_new_39"
42.174701,-74.238536,3228,"Croute_new_39"
42.174620,-74.239797,3163,"Croute_new_39"
42.174412,-74.241083,3103,"Croute_new_39"
42.173994,-74.241887,3025,"Croute_new_39"
42.173343,-74.242936,2936,"Croute_new_39"
42.172928,-74.244055,2873,"Croute_new_39"
42.172638,-74.245208,2812,"Croute_new_39"
42.172465,-74.246360,2729,"Croute_new_39"
42.172942,-74.247553,2685,"Croute_new_39"
42.173416,-74.248492,2647,"Croute_new_39"
42.173603,-74.249543,2601,"Croute_new_39"
42.173612,-74.250875,2569,"Croute_new_39"
42.173854,-74.252156,2551,"Croute_new_39"
42.174159,-74.253339,2511,"Croute_new_39"
42.174355,-74.254438,2461,"Croute_new_39"
42.174715,-74.255681,2422,"Croute_new_39"
42.174864,-74.256406,2388,"Croute_new_39"
42.183440,-74.270740,2161,"Croute_new_40"
42.183759,-74.271366,2156,"Croute_new_40"
42.181840,-74.197038,1818,"Croute_new_41"
42.182345,-74.198472,1870,"Croute_new_41"
42.182981,-74.199275,1887,"Croute_new_41"
42.183404,-74.200493,1894,"Croute_new_41"
42.183492,-74.201521,1921,"Croute_new_41"
42.183104,-74.202761,1932,"Croute_new_41"
42.182685,-74.203312,1948,"Croute_new_41"
42.181962,-74.204277,1998,"Croute_new_41"
42.181274,-74.205049,2046,"Croute_new_41"
42.180614,-74.205977,2101,"Croute_new_41"
42.179981,-74.206918,2145,"Croute_new_41"
42.179819,-74.208239,2218,"Croute_new_41"
42.179646,-74.209235,2291,"Croute_new_41"
42.179689,-74.210360,2354,"Croute_new_41"
42.179861,-74.211763,2455,"Croute_new_41"
42.179950,-74.212888,2533,"Croute_new_41"
42.179886,-74.214015,2599,"Croute_new_41"
42.179858,-74.215165,2665,"Croute_new_41"
42.179587,-74.216392,2737,"Croute_new_41"
42.179568,-74.217627,2835,"Croute_new_41"
42.179252,-74.218769,2932,"Croute_new_41"
42.179017,-74.219983,3034,"Croute_new_41"
42.179240,-74.220961,3122,"Croute_new_41"
42.178735,-74.222323,3205,"Croute_new_41"
42.178255,-74.223237,3273,"Croute_new_41"
42.177704,-74.224261,3370,"Croute_new_41"
42.177115,-74.225152,3463,"Croute_new_41"
42.176355,-74.225912,3562,"Croute_new_41"
42.175558,-74.226600,3741,"Croute_new_41"
42.175121,-74.227198,3844,"Croute_new_41"
42.176311,-74.227438,3787,"Croute_new_41"
42.177448,-74.227788,3846,"Croute_new_41"
42.177901,-74.228085,3915,"Croute_new_41"
42.165906,-74.235034,3559,"Croute_new_42"
42.165335,-74.235840,3551,"Croute_new_42"
42.164909,-74.236838,3557,"Croute_new_42"
42.164404,-74.238079,3560,"Croute_new_42"
42.164213,-74.239098,3558,"Croute_new_42"
42.164284,-74.240332,3576,"Croute_new_42"
42.164014,-74.241679,3610,"Croute_new_42"
42.164075,-74.242804,3624,"Croute_new_42"
42.164030,-74.244185,3641,"Croute_new_42"
42.163636,-74.244492,3679,"Croute_new_42"
42.162406,-74.243647,3762,"Croute_new_42"
42.164318,-74.245537,3646,"Croute_new_42"
42.164675,-74.246392,3650,"Croute_new_42"
42.174018,-74.263571,2646,"Croute_new_43"
42.170981,-74.267420,3083,"Croute_new_43"
42.167410,-74.276662,3600,"Croute_new_43"
42.168423,-74.278830,3682,"Croute_new_43"
42.176168,-74.261718,2312,"Croute_new_44"
42.176515,-74.262537,2298,"Croute_new_44"
42.180919,-74.268105,2211,"Croute_new_44"
42.133998,-74.104520,2051,"Croute_new_45"
42.133424,-74.106017,2091,"Croute_new_45"
42.132771,-74.106619,2086,"Croute_new_45"
42.131624,-74.106163,2108,"Croute_new_45"
42.131020,-74.106111,2107,"Croute_new_45"
42.130397,-74.107124,2108,"Croute_new_45"
42.130463,-74.108624,2122,"Croute_new_45"
42.130571,-74.109820,2141,"Croute_new_45"
42.130392,-74.111069,2158,"Croute_new_45"
42.130518,-74.112277,2174,"Croute_new_45"
42.130084,-74.113178,2209,"Croute_new_45"
42.129306,-74.113879,2248,"Croute_new_45"
42.128684,-74.113851,2281,"Croute_new_45"
42.128164,-74.112902,2303,"Croute_new_45"
42.127329,-74.113253,2333,"Croute_new_45"
42.126941,-74.114311,2352,"Croute_new_45"
42.126192,-74.114176,2381,"Croute_new_45"
42.125566,-74.113592,2414,"Croute_new_45"
42.124892,-74.114932,2457,"Croute_new_45"
42.124159,-74.115620,2486,"Croute_new_45"
42.123381,-74.116308,2541,"Croute_new_45"
42.122507,-74.116320,2597,"Croute_new_45"
42.121665,-74.116961,2643,"Croute_new_45"
42.121042,-74.117913,2679,"Croute_new_45"
42.120546,-74.118936,2732,"Croute_new_45"
42.119804,-74.119673,2829,"Croute_new_45"
42.118988,-74.120216,2947,"Croute_new_45"
42.118100,-74.120628,3046,"Croute_new_45"
42.117419,-74.119899,3157,"Croute_new_45"
42.117185,-74.118765,3242,"Croute_new_45"
42.116935,-74.117825,3332,"Croute_new_45"
42.116306,-74.116915,3434,"Croute_new_45"
42.116145,-74.115889,3495,"Croute_new_45"
42.116451,-74.114723,3510,"Croute_new_45"
42.116452,-74.113586,3497,"Croute_new_45"
42.116389,-74.112534,3485,"Croute_new_45"
42.116187,-74.110807,3468,"Croute_new_45"
42.116236,-74.110129,3439,"Croute_new_45"
42.116459,-74.108723,3443,"Croute_new_45"
42.116493,-74.107368,3458,"Croute_new_45"
42.115990,-74.106322,3378,"Croute_new_45"
42.115568,-74.105397,3320,"Croute_new_45"
42.114833,-74.104585,3351,"Croute_new_45"
42.113935,-74.103763,3378,"Croute_new_45"
42.113828,-74.102772,3380,"Croute_new_45"
42.114317,-74.102028,3308,"Croute_new_45"
42.115272,-74.102050,3263,"Croute_new_45"
42.116162,-74.101856,3142,"Croute_new_45"
42.116476,-74.100509,3058,"Croute_new_45"
42.117272,-74.099796,2987,"Croute_new_45"
42.117796,-74.098870,2893,"Croute_new_45"
42.118636,-74.098059,2790,"Croute_new_45"
42.118824,-74.096798,2715,"Croute_new_45"
42.119311,-74.095666,2636,"Croute_new_45"
42.119626,-74.094525,2573,"Croute_new_45"
42.119824,-74.093337,2529,"Croute_new_45"
42.120275,-74.092241,2490,"Croute_new_45"
42.120916,-74.091410,2466,"Croute_new_45"
42.121313,-74.090339,2422,"Croute_new_45"
42.121431,-74.089249,2364,"Croute_new_45"
42.121565,-74.087965,2326,"Croute_new_45"
42.121591,-74.086791,2286,"Croute_new_45"
42.121658,-74.086185,2252,"Croute_new_45"
42.122501,-74.086790,2244,"Croute_new_45"
42.123015,-74.087992,2240,"Croute_new_45"
42.122989,-74.089263,2294,"Croute_new_45"
42.122972,-74.090497,2325,"Croute_new_45"
42.123556,-74.091505,2314,"Croute_new_45"
42.124105,-74.092537,2303,"Croute_new_45"
42.124724,-74.093424,2293,"Croute_new_45"
42.125183,-74.094482,2284,"Croute_new_45"
42.125300,-74.095690,2292,"Croute_new_45"
42.125598,-74.096956,2304,"Croute_new_45"
42.126156,-74.098049,2296,"Croute_new_45"
42.126659,-74.098962,2315,"Croute_new_45"
42.127252,-74.099970,2301,"Croute_new_45"
42.127487,-74.101152,2299,"Croute_new_45"
42.127955,-74.102246,2292,"Croute_new_45"
42.128179,-74.103356,2279,"Croute_new_45"
42.128942,-74.104084,2258,"Croute_new_45"
42.129917,-74.104445,2216,"Croute_new_45"
42.130293,-74.105262,2190,"Croute_new_45"
42.075180,-74.111876,2283,"Croute_new_46"
42.076609,-74.110284,2395,"Croute_new_46"
42.081130,-74.105651,2691,"Croute_new_46"
42.081747,-74.105086,2728,"Croute_new_46"
42.086472,-74.097693,2915,"Croute_new_46"
42.087123,-74.096922,2883,"Croute_new_46"
42.087555,-74.095743,2846,"Croute_new_46"
42.087986,-74.094443,2813,"Croute_new_46"
42.088498,-74.093154,2770,"Croute_new_46"
42.089112,-74.092166,2754,"Croute_new_46"
42.089624,-74.090889,2760,"Croute_new_46"
42.090110,-74.089649,2770,"Croute_new_46"
42.090352,-74.088363,2761,"Croute_new_46"
42.090694,-74.087234,2758,"Croute_new_46"
42.091452,-74.086292,2740,"Croute_new_46"
42.091766,-74.085030,2716,"Croute_new_46"
42.091336,-74.084117,2675,"Croute_new_46"
42.092111,-74.083115,2650,"Croute_new_46"
42.093009,-74.082739,2637,"Croute_new_46"
42.094081,-74.082796,2606,"Croute_new_46"
42.095049,-74.082165,2571,"Croute_new_46"
42.095745,-74.082578,2532,"Croute_new_46"
42.096234,-74.083962,2477,"Croute_new_46"
42.097168,-74.084771,2427,"Croute_new_46"
42.098021,-74.085617,2390,"Croute_new_46"
42.098635,-74.086951,2346,"Croute_new_46"
42.099050,-74.088166,2288,"Croute_new_46"
42.099124,-74.089544,2226,"Croute_new_46"
42.098709,-74.090614,2159,"Croute_new_46"
42.098788,-74.091423,2161,"Croute_new_46"
42.098147,-74.090138,2138,"Croute_new_46"
42.143020,-74.157798,2261,"Croute_new_47"
42.141892,-74.157523,2306,"Croute_new_47"
42.141148,-74.157968,2315,"Croute_new_47"
42.140468,-74.158594,2305,"Croute_new_47"
42.139591,-74.159296,2342,"Croute_new_47"
42.138750,-74.160045,2376,"Croute_new_47"
42.138234,-74.160959,2425,"Croute_new_47"
42.137854,-74.162017,2483,"Croute_new_47"
42.137172,-74.162244,2542,"Croute_new_47"
42.138556,-74.175585,3821,"Croute_new_48"
42.139344,-74.176204,3830,"Croute_new_48"
42.140214,-74.176907,3801,"Croute_new_48"
42.140938,-74.177490,3773,"Croute_new_48"
42.141735,-74.178085,3786,"Croute_new_48"
42.142532,-74.178704,3808,"Croute_new_48"
42.143383,-74.179335,3819,"Croute_new_48"
42.144312,-74.179480,3798,"Croute_new_48"
42.145177,-74.179566,3800,"Croute_new_48"
42.146087,-74.179626,3789,"Croute_new_48"
42.146956,-74.180124,3785,"Croute_new_48"
42.147796,-74.180573,3790,"Croute_new_48"
42.148541,-74.181459,3791,"Croute_new_48"
42.148864,-74.182519,3775,"Croute_new_48"
42.149590,-74.183236,3781,"Croute_new_48"
42.150351,-74.183953,3781,"Croute_new_48"
42.151096,-74.184778,3798,"Croute_new_48"
42.151821,-74.185435,3796,"Croute_new_48"
42.152635,-74.185993,3789,"Croute_new_48"
42.153467,-74.186394,3774,"Croute_new_48"
42.154316,-74.186819,3750,"Croute_new_48"
42.155372,-74.187059,3690,"Croute_new_48"
42.156075,-74.187099,3699,"Croute_new_48"
42.157001,-74.186978,3693,"Croute_new_48"
42.157957,-74.187099,3689,"Croute_new_48"
42.158878,-74.187450,3697,"Croute_new_48"
42.160183,-74.187337,3685,"Croute_new_48"
42.160256,-74.187384,3691,"Croute_new_48"
42.160313,-74.189103,3688,"Croute_new_48"
42.133043,-74.086227,1865,"Croute_new_49"
42.132323,-74.087459,1894,"Croute_new_49"
42.131392,-74.088114,1924,"Croute_new_49"
42.130323,-74.088444,1965,"Croute_new_49"
42.129227,-74.087722,1985,"Croute_new_49"
42.128162,-74.087471,2045,"Croute_new_49"
42.127296,-74.087265,2069,"Croute_new_49"
42.126002,-74.087611,2106,"Croute_new_49"
42.124700,-74.088113,2157,"Croute_new_49"
42.123823,-74.087726,2164,"Croute_new_49"
42.120167,-74.086678,2242,"Croute_new_49"
42.118649,-74.087111,2287,"Croute_new_49"
42.116658,-74.083728,2398,"Croute_new_49"
42.114351,-74.077931,2518,"Croute_new_49"
42.113113,-74.077332,2539,"Croute_new_49"
42.112417,-74.077028,2506,"Croute_new_49"
42.112069,-74.079718,2668,"Croute_new_49"
42.111839,-74.081342,2771,"Croute_new_49"
42.111407,-74.082570,2827,"Croute_new_49"
42.111157,-74.083880,2863,"Croute_new_49"
42.110985,-74.084996,2855,"Croute_new_49"
42.112887,-74.078424,2602,"Croute_new_49"
42.115121,-74.079553,2488,"Croute_new_49"
42.115517,-74.080660,2462,"Croute_new_49"
42.115744,-74.081988,2441,"Croute_new_49"
42.116002,-74.082794,2427,"Croute_new_49"
42.117670,-74.085178,2341,"Croute_new_49"
42.118039,-74.086261,2320,"Croute_new_49"
42.173868,-74.027039,492,"Croute_new_50"
42.174177,-74.029504,618,"Croute_new_50"
42.174508,-74.030286,643,"Croute_new_50"
42.173297,-74.030910,813,"Croute_new_50"
42.170242,-74.032821,1096,"Croute_new_50"
42.169598,-74.033339,1136,"Croute_new_50"
42.168158,-74.035601,1289,"Croute_new_50"
42.168305,-74.038105,1560,"Croute_new_50"
42.169544,-74.040774,1842,"Croute_new_50"
42.168344,-74.042680,1959,"Croute_new_50"
42.166186,-74.047446,2405,"Croute_new_50"
42.165538,-74.047529,2420,"Croute_new_50"
42.164705,-74.048122,2452,"Croute_new_50"
42.163878,-74.048292,2469,"Croute_new_50"
42.162963,-74.048705,2483,"Croute_new_50"
42.162240,-74.049479,2494,"Croute_new_50"
42.161679,-74.050213,2520,"Croute_new_50"
42.161007,-74.050671,2523,"Croute_new_50"
42.159794,-74.050980,2508,"Croute_new_50"
42.159264,-74.051230,2490,"Croute_new_50"
42.162969,-74.050485,2449,"Croute_new_50"
42.163859,-74.050314,2394,"Croute_new_50"
42.164603,-74.049891,2348,"Croute_new_50"
42.165967,-74.049290,2303,"Croute_new_50"
42.175911,-74.034284,640,"Croute_new_51"
42.175939,-74.035458,645,"Croute_new_51"
42.134115,-74.081819,1770,"Croute_new_52"
42.137016,-74.078474,2130,"Croute_new_52"
42.137402,-74.077173,2159,"Croute_new_52"
42.143647,-74.071044,2469,"Croute_new_52"
42.144748,-74.070193,2476,"Croute_new_52"
42.145697,-74.069453,2469,"Croute_new_52"
42.146655,-74.068797,2506,"Croute_new_52"
42.147638,-74.068856,2521,"Croute_new_52"
42.149037,-74.069343,2550,"Croute_new_52"
42.150732,-74.069488,2636,"Croute_new_52"
42.152127,-74.069395,2705,"Croute_new_52"
42.153233,-74.069125,2772,"Croute_new_52"
42.154194,-74.068844,2835,"Croute_new_52"
42.155299,-74.068489,2892,"Croute_new_52"
42.156421,-74.068073,2937,"Croute_new_52"
42.157522,-74.067173,2992,"Croute_new_52"
42.158646,-74.066963,2999,"Croute_new_52"
42.159086,-74.067949,3023,"Croute_new_52"
42.158971,-74.070420,3100,"Croute_new_52"
42.159910,-74.070709,3112,"Croute_new_52"
42.161010,-74.070814,3107,"Croute_new_52"
42.161718,-74.071470,3103,"Croute_new_52"
42.162527,-74.072487,3105,"Croute_new_52"
42.163264,-74.073408,3096,"Croute_new_52"
42.164074,-74.074450,3086,"Croute_new_52"
42.164767,-74.075481,3072,"Croute_new_52"
42.165396,-74.076464,3069,"Croute_new_52"
42.165875,-74.077680,3065,"Croute_new_52"
42.166416,-74.078883,3061,"Croute_new_52"
42.163343,-74.081009,3589,"Croute_new_52"
42.162246,-74.078870,3606,"Croute_new_52"
42.168439,-74.077376,2907,"Croute_new_52"
42.167844,-74.076138,2918,"Croute_new_52"
42.167320,-74.074850,2914,"Croute_new_52"
42.166628,-74.073892,2918,"Croute_new_52"
42.165970,-74.072812,2936,"Croute_new_52"
42.165277,-74.071769,2946,"Croute_new_52"
42.164603,-74.070798,2956,"Croute_new_52"
42.163784,-74.069769,2967,"Croute_new_52"
42.163038,-74.068799,2978,"Croute_new_52"
42.162177,-74.068182,2987,"Croute_new_52"
42.161309,-74.067711,2992,"Croute_new_52"
42.160271,-74.067399,3001,"Croute_new_52"
42.159694,-74.067384,3005,"Croute_new_52"
42.171488,-74.113447,2356,"Croute_new_53"
42.172163,-74.112179,2414,"Croute_new_53"
42.172687,-74.111239,2476,"Croute_new_53"
42.173356,-74.110358,2550,"Croute_new_53"
42.174172,-74.109947,2643,"Croute_new_53"
42.174952,-74.109512,2691,"Croute_new_53"
42.175503,-74.108585,2723,"Croute_new_53"
42.176366,-74.108367,2739,"Croute_new_53"
42.176487,-74.106464,2773,"Croute_new_53"
42.176813,-74.105648,2809,"Croute_new_53"
42.176813,-74.104425,2852,"Croute_new_53"
42.176938,-74.103164,2879,"Croute_new_53"
42.177409,-74.102274,2913,"Croute_new_53"
42.177569,-74.100891,2930,"Croute_new_53"
42.177146,-74.099831,2945,"Croute_new_53"
42.176708,-74.099087,2971,"Croute_new_53"
42.175879,-74.097924,3003,"Croute_new_53"
42.175548,-74.096997,3041,"Croute_new_53"
42.174909,-74.095928,3050,"Croute_new_53"
42.174140,-74.095479,3062,"Croute_new_53"
42.173441,-74.094787,3075,"Croute_new_53"
42.172796,-74.094070,3095,"Croute_new_53"
42.171842,-74.094192,3144,"Croute_new_53"
42.171022,-74.094131,3214,"Croute_new_53"
42.170314,-74.093391,3228,"Croute_new_53"
42.169526,-74.092905,3246,"Croute_new_53"
42.168804,-74.092674,3271,"Croute_new_53"
42.167978,-74.091802,3249,"Croute_new_53"
42.167699,-74.090789,3222,"Croute_new_53"
42.167374,-74.089571,3228,"Croute_new_53"
42.167260,-74.088713,3238,"Croute_new_53"
42.166700,-74.087474,3254,"Croute_new_53"
42.166216,-74.086573,3306,"Croute_new_53"
42.165721,-74.085478,3365,"Croute_new_53"
42.165147,-74.084627,3430,"Croute_new_53"
42.164547,-74.083982,3462,"Croute_new_53"
42.163698,-74.083667,3510,"Croute_new_53"
42.163086,-74.082575,3578,"Croute_new_53"
42.162711,-74.081926,3603,"Croute_new_53"
42.168358,-74.083007,3004,"Croute_new_53"
42.168718,-74.084091,2999,"Croute_new_53"
42.168682,-74.085302,2996,"Croute_new_53"
42.169150,-74.086301,2987,"Croute_new_53"
42.169546,-74.087372,2979,"Croute_new_53"
42.169609,-74.088558,2983,"Croute_new_53"
42.169934,-74.089740,2976,"Croute_new_53"
42.170678,-74.090468,2964,"Croute_new_53"
42.171404,-74.091147,2961,"Croute_new_53"
42.172290,-74.091607,2959,"Croute_new_53"
42.172981,-74.092396,2968,"Croute_new_53"
42.173733,-74.093039,2966,"Croute_new_53"
42.174496,-74.093827,2960,"Croute_new_53"
42.175250,-74.094591,2955,"Croute_new_53"
42.176003,-74.095368,2959,"Croute_new_53"
42.176621,-74.096001,2958,"Croute_new_53"
42.177258,-74.096924,2958,"Croute_new_53"
42.177447,-74.098011,2963,"Croute_new_53"
42.175419,-74.107000,2745,"Croute_new_53"
42.175371,-74.107715,2733,"Croute_new_53"
42.362098,-74.301684,2661,"Croute_new_54"
42.361556,-74.302843,2702,"Croute_new_54"
42.361103,-74.303844,2738,"Croute_new_54"
42.360949,-74.305182,2737,"Croute_new_54"
42.360785,-74.306349,2761,"Croute_new_54"
42.360486,-74.307603,2769,"Croute_new_54"
42.359825,-74.308461,2803,"Croute_new_54"
42.359254,-74.309438,2840,"Croute_new_54"
42.358621,-74.310356,2869,"Croute_new_54"
42.358049,-74.311200,2907,"Croute_new_54"
42.357517,-74.312578,2968,"Croute_new_54"
42.356832,-74.312428,2984,"Croute_new_54"
42.357868,-74.313983,2976,"Croute_new_54"
42.358269,-74.314889,2924,"Croute_new_54"
42.358987,-74.315889,2895,"Croute_new_54"
42.359622,-74.316720,2880,"Croute_new_54"
42.360043,-74.317881,2855,"Croute_new_54"
42.360409,-74.318849,2911,"Croute_new_54"
42.360731,-74.319914,2982,"Croute_new_54"
42.360863,-74.320957,3019,"Croute_new_54"
42.360521,-74.322503,2987,"Croute_new_54"
42.360365,-74.323549,2954,"Croute_new_54"
42.360156,-74.324778,2948,"Croute_new_54"
42.359767,-74.325984,2933,"Croute_new_54"
42.359214,-74.326949,2944,"Croute_new_54"
42.358607,-74.327721,2982,"Croute_new_54"
42.357963,-74.328541,3010,"Croute_new_54"
42.357483,-74.329566,2995,"Croute_new_54"
42.357237,-74.330601,2964,"Croute_new_54"
42.356865,-74.331795,2947,"Croute_new_54"
42.357233,-74.333066,2964,"Croute_new_54"
42.357528,-74.334265,2991,"Croute_new_54"
42.357688,-74.335405,3010,"Croute_new_54"
42.358162,-74.336359,3056,"Croute_new_54"
42.358485,-74.337728,3103,"Croute_new_54"
42.358663,-74.338965,3135,"Croute_new_54"
42.358804,-74.340068,3199,"Croute_new_54"
42.358828,-74.341064,3234,"Croute_new_54"
42.358229,-74.341883,3252,"Croute_new_54"
42.357632,-74.342946,3275,"Croute_new_54"
42.357071,-74.344118,3304,"Croute_new_54"
42.356499,-74.344864,3350,"Croute_new_54"
42.354859,-74.346156,3417,"Croute_new_54"
42.363306,-74.281475,2830,"Croute_new_55"
42.363306,-74.280030,2846,"Croute_new_55"
42.363191,-74.278877,2865,"Croute_new_55"
42.363310,-74.277686,2920,"Croute_new_55"
42.363763,-74.276697,2971,"Croute_new_55"
42.364251,-74.275623,3001,"Croute_new_55"
42.364668,-74.274513,3031,"Croute_new_55"
42.365058,-74.273658,3061,"Croute_new_55"
42.365864,-74.272945,3085,"Croute_new_55"
42.366699,-74.272461,3127,"Croute_new_55"
42.367317,-74.271896,3183,"Croute_new_55"
42.367300,-74.270706,3207,"Croute_new_55"
42.366585,-74.271515,3151,"Croute_new_55"
42.175217,-74.031026,669,"Croute_new_56"
42.166599,-74.057113,2199,"Croute_new_57"
42.169265,-74.060463,2192,"Croute_new_57"
42.171872,-74.064226,2208,"Croute_new_57"
42.173287,-74.066542,2212,"Croute_new_57"
42.178941,-74.079694,2246,"Croute_new_58"
42.179610,-74.081210,2243,"Croute_new_58"
42.180304,-74.082350,2242,"Croute_new_58"
42.181121,-74.083149,2211,"Croute_new_58"
42.181879,-74.083356,2177,"Croute_new_58"
42.174209,-74.080404,2717,"Croute_new_58"
42.171865,-74.081225,2803,"Croute_new_58"
42.066468,-74.303180,794,"Croute_new_59"
42.067347,-74.302615,881,"Croute_new_59"
42.068271,-74.302000,901,"Croute_new_59"
42.068953,-74.301642,929,"Croute_new_59"
42.070042,-74.301485,890,"Croute_new_59"
42.070888,-74.301355,866,"Croute_new_59"
42.071595,-74.300622,926,"Croute_new_59"
42.072344,-74.299441,967,"Croute_new_59"
42.072936,-74.298951,990,"Croute_new_59"
42.074056,-74.298105,1023,"Croute_new_59"
42.074617,-74.297023,1051,"Croute_new_59"
42.074945,-74.296088,1101,"Croute_new_59"
42.075353,-74.295056,1152,"Croute_new_59"
42.075489,-74.293822,1200,"Croute_new_59"
42.074943,-74.292836,1225,"Croute_new_59"
42.074008,-74.293088,1286,"Croute_new_59"
42.073146,-74.293594,1354,"Croute_new_59"
42.072267,-74.294135,1420,"Croute_new_59"
42.071494,-74.294386,1461,"Croute_new_59"
42.070556,-74.294239,1524,"Croute_new_59"
42.069814,-74.295033,1485,"Croute_new_59"
42.069264,-74.294954,1477,"Croute_new_59"
42.070396,-74.293080,1620,"Croute_new_59"
42.069421,-74.292656,1689,"Croute_new_59"
42.068704,-74.291818,1744,"Croute_new_59"
42.068138,-74.290555,1825,"Croute_new_59"
42.068711,-74.290065,1854,"Croute_new_59"
42.069620,-74.289958,1910,"Croute_new_59"
42.070381,-74.289273,1964,"Croute_new_59"
42.070563,-74.288098,2056,"Croute_new_59"
42.070424,-74.287435,2103,"Croute_new_59"
42.069511,-74.286901,2193,"Croute_new_59"
42.068779,-74.286510,2254,"Croute_new_59"
42.069889,-74.285458,2327,"Croute_new_59"
42.070350,-74.284184,2403,"Croute_new_59"
42.070505,-74.283058,2464,"Croute_new_59"
42.070606,-74.281957,2514,"Croute_new_59"
42.071130,-74.280815,2542,"Croute_new_59"
42.071773,-74.279961,2569,"Croute_new_59"
42.072463,-74.279264,2608,"Croute_new_59"
42.073315,-74.278687,2661,"Croute_new_59"
42.074273,-74.277793,2706,"Croute_new_59"
41.930820,-74.321280,1355,"Croute_new_60"
41.929952,-74.319154,1357,"Croute_new_60"
41.928129,-74.318546,1398,"Croute_new_60"
41.922609,-74.311260,1684,"Croute_new_60"
41.921895,-74.309278,1682,"Croute_new_60"
41.920001,-74.308949,1648,"Croute_new_60"
41.918415,-74.307350,1640,"Croute_new_60"
41.916649,-74.304137,1705,"Croute_new_60"
41.915666,-74.302472,1830,"Croute_new_60"
41.914238,-74.300256,1905,"Croute_new_60"
41.914026,-74.299403,1934,"Croute_new_60"
41.917496,-74.291020,2437,"Croute_new_60"
41.922777,-74.288610,2895,"Croute_new_60"
41.927652,-74.290377,2961,"Croute_new_60"
41.927769,-74.291787,2882,"Croute_new_60"
41.928001,-74.292978,2829,"Croute_new_60"
41.928574,-74.293937,2822,"Croute_new_60"
41.928823,-74.294875,2850,"Croute_new_60"
41.928994,-74.296248,2865,"Croute_new_60"
41.929361,-74.297426,2818,"Croute_new_60"
41.929549,-74.298618,2788,"Croute_new_60"
41.929799,-74.299845,2755,"Croute_new_60"
41.928922,-74.300639,2707,"Croute_new_60"
41.928058,-74.300769,2644,"Croute_new_60"
41.927378,-74.300004,2637,"Croute_new_60"
41.926867,-74.299009,2629,"Croute_new_60"
41.926276,-74.298063,2611,"Croute_new_60"
41.925882,-74.296969,2576,"Croute_new_60"
41.925301,-74.296228,2520,"Croute_new_60"
41.924355,-74.296178,2421,"Croute_new_60"
41.923519,-74.296380,2327,"Croute_new_60"
41.922774,-74.296823,2245,"Croute_new_60"
41.921784,-74.297014,2181,"Croute_new_60"
41.921113,-74.297721,2121,"Croute_new_60"
41.920514,-74.298500,2069,"Croute_new_60"
41.919533,-74.298619,2062,"Croute_new_60"
41.918586,-74.298267,2057,"Croute_new_60"
41.917825,-74.297625,2059,"Croute_new_60"
41.917235,-74.296847,2073,"Croute_new_60"
41.916394,-74.296374,2087,"Croute_new_60"
41.915544,-74.295781,2109,"Croute_new_60"
41.914739,-74.295271,2116,"Croute_new_60"
41.914151,-74.294759,2132,"Croute_new_60"
41.965845,-74.452391,2107,"Croute_new_61"
41.966822,-74.451502,2207,"Croute_new_61"
41.967267,-74.450436,2228,"Croute_new_61"
41.967884,-74.449429,2226,"Croute_new_61"
41.968592,-74.448698,2239,"Croute_new_61"
41.969446,-74.448414,2259,"Croute_new_61"
41.970474,-74.448634,2233,"Croute_new_61"
41.971028,-74.447676,2243,"Croute_new_61"
41.971536,-74.446537,2248,"Croute_new_61"
41.972026,-74.445519,2268,"Croute_new_61"
41.972444,-74.444441,2278,"Croute_new_61"
41.971924,-74.439268,2312,"Croute_new_61"
41.972161,-74.438047,2301,"Croute_new_61"
41.972832,-74.437196,2307,"Croute_new_61"
41.973585,-74.436332,2325,"Croute_new_61"
41.974338,-74.435589,2350,"Croute_new_61"
41.974828,-74.434619,2370,"Croute_new_61"
41.974408,-74.433513,2334,"Croute_new_61"
41.974474,-74.432197,2331,"Croute_new_61"
41.974442,-74.431123,2308,"Croute_new_61"
41.974004,-74.430137,2308,"Croute_new_61"
41.973611,-74.428958,2337,"Croute_new_61"
41.972771,-74.428398,2349,"Croute_new_61"
41.972014,-74.428308,2408,"Croute_new_61"
41.971078,-74.428461,2446,"Croute_new_61"
41.970142,-74.428711,2506,"Croute_new_61"
41.969333,-74.428935,2579,"Croute_new_61"
41.968532,-74.429099,2668,"Croute_new_61"
41.967407,-74.429266,2729,"Croute_new_61"
41.966552,-74.429383,2768,"Croute_new_61"
41.965696,-74.429378,2785,"Croute_new_61"
41.964839,-74.429024,2702,"Croute_new_61"
41.964735,-74.428095,2661,"Croute_new_61"
41.965118,-74.427151,2740,"Croute_new_61"
41.964803,-74.425488,2777,"Croute_new_61"
41.964168,-74.424480,2768,"Croute_new_61"
41.963776,-74.423542,2873,"Croute_new_61"
41.962691,-74.422683,2755,"Croute_new_61"
41.962387,-74.421310,2820,"Croute_new_61"
41.962040,-74.420372,2874,"Croute_new_61"
41.962096,-74.418984,2918,"Croute_new_61"
41.962091,-74.418079,2936,"Croute_new_61"
41.962481,-74.416881,3100,"Croute_new_61"
41.962701,-74.415781,3187,"Croute_new_61"
41.962541,-74.414406,3176,"Croute_new_61"
41.962345,-74.413008,3131,"Croute_new_61"
41.962347,-74.411717,3188,"Croute_new_61"
41.962233,-74.410487,3214,"Croute_new_61"
41.962001,-74.409319,3252,"Croute_new_61"
41.961420,-74.408455,3370,"Croute_new_61"
41.960979,-74.408375,3368,"Croute_new_61"
41.960631,-74.407244,3486,"Croute_new_61"
41.959971,-74.406755,3542,"Croute_new_61"
41.958628,-74.403075,3826,"Croute_new_61"
41.963181,-74.418093,3324,"Croute_new_62"
41.963385,-74.419177,3287,"Croute_new_62"
41.963382,-74.420481,3223,"Croute_new_62"
41.963784,-74.421527,3125,"Croute_new_62"
41.963798,-74.422565,3050,"Croute_new_62"
41.964589,-74.424078,2951,"Croute_new_62"
41.965564,-74.428016,2893,"Croute_new_62"
41.971434,-74.440503,2325,"Croute_new_63"
41.971359,-74.441687,2322,"Croute_new_63"
41.971086,-74.442872,2306,"Croute_new_63"
41.970758,-74.444057,2306,"Croute_new_63"
41.970403,-74.445195,2301,"Croute_new_63"
41.970058,-74.446357,2293,"Croute_new_63"
41.969739,-74.447470,2286,"Croute_new_63"
42.036227,-74.357793,1353,"Croute_new_64"
42.035714,-74.356228,1345,"Croute_new_64"
42.035375,-74.355228,1413,"Croute_new_64"
42.034596,-74.354354,1526,"Croute_new_64"
42.033913,-74.354579,1628,"Croute_new_64"
42.033323,-74.355503,1729,"Croute_new_64"
42.032654,-74.356560,1813,"Croute_new_64"
42.032071,-74.356977,1865,"Croute_new_64"
42.031168,-74.356672,1880,"Croute_new_64"
42.030389,-74.357465,1904,"Croute_new_64"
42.029491,-74.357897,1955,"Croute_new_64"
42.028755,-74.358400,2018,"Croute_new_64"
42.028068,-74.359445,2091,"Croute_new_64"
42.027730,-74.360282,2125,"Croute_new_64"
42.027126,-74.358633,2207,"Croute_new_64"
42.026393,-74.357916,2264,"Croute_new_64"
42.025410,-74.357684,2322,"Croute_new_64"
42.024509,-74.357609,2365,"Croute_new_64"
42.023785,-74.357048,2392,"Croute_new_64"
42.023373,-74.355905,2409,"Croute_new_64"
42.023205,-74.354735,2404,"Croute_new_64"
42.022498,-74.353933,2445,"Croute_new_64"
42.021792,-74.353300,2493,"Croute_new_64"
42.021156,-74.352413,2524,"Croute_new_64"
42.020387,-74.351756,2571,"Croute_new_64"
42.019787,-74.350856,2607,"Croute_new_64"
42.019242,-74.349908,2640,"Croute_new_64"
42.019207,-74.348640,2636,"Croute_new_64"
42.019254,-74.347359,2633,"Croute_new_64"
42.019635,-74.346280,2608,"Croute_new_64"
42.020124,-74.345164,2604,"Croute_new_64"
42.019866,-74.344019,2636,"Croute_new_64"
42.019385,-74.343408,2646,"Croute_new_64"
42.019223,-74.341827,2668,"Croute_new_64"
42.018666,-74.340650,2675,"Croute_new_64"
42.017928,-74.340621,2699,"Croute_new_64"
42.017147,-74.341136,2717,"Croute_new_64"
42.016749,-74.342433,2782,"Croute_new_64"
42.017117,-74.343721,2853,"Croute_new_64"
42.016997,-74.344834,2909,"Croute_new_64"
42.016190,-74.345385,2999,"Croute_new_64"
42.015218,-74.345540,3125,"Croute_new_64"
42.014346,-74.345767,3244,"Croute_new_64"
42.013554,-74.345992,3368,"Croute_new_64"
42.012619,-74.346231,3463,"Croute_new_64"
42.011856,-74.346662,3517,"Croute_new_64"
42.011086,-74.347539,3593,"Croute_new_64"
42.010339,-74.347643,3655,"Croute_new_64"
42.009438,-74.347459,3708,"Croute_new_64"
42.008372,-74.346951,3765,"Croute_new_64"
42.007808,-74.347645,3763,"Croute_new_64"
42.007192,-74.348485,3744,"Croute_new_64"
42.006695,-74.349794,3673,"Croute_new_64"
42.006385,-74.350739,3628,"Croute_new_64"
42.006094,-74.351865,3595,"Croute_new_64"
42.005650,-74.352980,3594,"Croute_new_64"
42.005097,-74.354012,3627,"Croute_new_64"
42.004705,-74.354681,3683,"Croute_new_64"
42.003627,-74.355162,3730,"Croute_new_64"
42.002594,-74.355632,3783,"Croute_new_64"
42.001965,-74.356000,3820,"Croute_new_64"
42.001363,-74.356272,3843,"Croute_new_64"
42.212071,-74.042880,2548,"Croute_new_65"
42.213089,-74.042950,2564,"Croute_new_65"
42.214185,-74.042679,2577,"Croute_new_65"
42.215146,-74.042313,2616,"Croute_new_65"
42.216189,-74.042079,2671,"Croute_new_65"
42.217280,-74.042244,2713,"Croute_new_65"
42.218204,-74.041843,2726,"Croute_new_65"
42.218579,-74.040395,2777,"Croute_new_65"
42.219096,-74.039757,2869,"Croute_new_65"
42.220014,-74.040676,2998,"Croute_new_65"
42.220440,-74.042112,3047,"Croute_new_65"
42.219927,-74.043186,3069,"Croute_new_65"
42.219322,-74.044092,3094,"Croute_new_65"
42.218700,-74.045107,3139,"Croute_new_65"
42.218698,-74.045991,3154,"Croute_new_65"
42.219229,-74.047061,3156,"Croute_new_65"
42.219123,-74.048372,3151,"Croute_new_65"
42.218784,-74.049879,3165,"Croute_new_65"
42.218524,-74.051034,3180,"Croute_new_65"
42.218257,-74.052468,3150,"Croute_new_65"
42.218428,-74.053652,3136,"Croute_new_65"
42.219075,-74.054576,3128,"Croute_new_65"
42.220051,-74.054985,3131,"Croute_new_65"
42.220966,-74.055590,3134,"Croute_new_65"
42.221461,-74.056685,3157,"Croute_new_65"
42.221932,-74.058011,3185,"Croute_new_65"
42.222400,-74.059167,3227,"Croute_new_65"
42.222959,-74.060273,3248,"Croute_new_65"
42.223382,-74.061358,3270,"Croute_new_65"
42.224037,-74.062208,3303,"Croute_new_65"
42.224552,-74.063485,3378,"Croute_new_65"
42.224486,-74.065304,3400,"Croute_new_65"
42.225013,-74.065877,3400,"Croute_new_65"
42.225510,-74.065010,3408,"Croute_new_65"
42.225104,-74.063731,3404,"Croute_new_65"
42.209766,-74.039741,2399,"Croute_new_66"
42.208861,-74.039258,2365,"Croute_new_66"
42.207931,-74.038945,2338,"Croute_new_66"
42.206929,-74.038682,2281,"Croute_new_66"
42.206147,-74.038900,2231,"Croute_new_66"
42.204421,-74.040295,2234,"Croute_new_66"
42.203887,-74.041078,2252,"Croute_new_66"
42.202987,-74.042182,2283,"Croute_new_66"
42.202181,-74.042812,2293,"Croute_new_66"
42.201549,-74.043681,2282,"Croute_new_66"
42.201128,-74.044996,2281,"Croute_new_66"
42.201201,-74.046266,2293,"Croute_new_66"
42.201031,-74.047432,2296,"Croute_new_66"
42.200960,-74.048668,2311,"Croute_new_66"
42.200640,-74.050236,2330,"Croute_new_66"
42.200561,-74.051618,2336,"Croute_new_66"
42.200770,-74.052850,2332,"Croute_new_66"
42.200988,-74.054155,2329,"Croute_new_66"
42.201178,-74.055448,2321,"Croute_new_66"
42.201394,-74.056450,2321,"Croute_new_66"
42.296930,-74.169180,2065,"Croute_new_67"
42.297948,-74.169227,2092,"Croute_new_67"
42.298910,-74.169056,2107,"Croute_new_67"
42.299891,-74.168910,2121,"Croute_new_67"
42.300881,-74.168909,2143,"Croute_new_67"
42.301947,-74.169344,2176,"Croute_new_67"
42.303106,-74.170142,2189,"Croute_new_67"
42.303932,-74.171065,2193,"Croute_new_67"
42.304608,-74.172342,2224,"Croute_new_67"
42.304915,-74.173697,2252,"Croute_new_67"
42.305928,-74.174363,2284,"Croute_new_67"
42.306693,-74.174280,2319,"Croute_new_67"
42.306905,-74.172482,2386,"Croute_new_67"
42.307519,-74.171370,2447,"Croute_new_67"
42.308123,-74.170246,2481,"Croute_new_67"
42.308103,-74.168729,2531,"Croute_new_67"
42.308238,-74.167526,2562,"Croute_new_67"
42.308828,-74.165711,2629,"Croute_new_67"
42.309184,-74.163898,2687,"Croute_new_67"
42.308939,-74.162348,2701,"Croute_new_67"
42.309389,-74.161080,2739,"Croute_new_67"
42.309685,-74.159717,2760,"Croute_new_67"
42.309665,-74.158237,2767,"Croute_new_67"
42.309539,-74.157001,2774,"Croute_new_67"
42.309501,-74.155412,2826,"Croute_new_67"
42.308661,-74.153883,2903,"Croute_new_67"
42.307882,-74.153299,2946,"Croute_new_67"
42.307414,-74.152128,3017,"Croute_new_67"
42.307432,-74.150914,3045,"Croute_new_67"
42.307937,-74.149755,3113,"Croute_new_67"
42.308982,-74.149874,3209,"Croute_new_67"
42.310124,-74.149604,3279,"Croute_new_67"
42.311047,-74.148924,3331,"Croute_new_67"
42.311761,-74.148041,3369,"Croute_new_67"
42.312520,-74.147194,3405,"Croute_new_67"
42.313107,-74.146179,3438,"Croute_new_67"
42.313930,-74.145476,3478,"Croute_new_67"
42.314644,-74.144580,3514,"Croute_new_67"
42.314833,-74.143413,3521,"Croute_new_67"
42.314590,-74.142178,3480,"Croute_new_67"
42.314131,-74.140983,3418,"Croute_new_67"
42.313851,-74.139689,3339,"Croute_new_67"
42.313723,-74.138283,3283,"Croute_new_67"
42.313147,-74.137114,3201,"Croute_new_67"
42.312554,-74.136127,3137,"Croute_new_67"
42.311924,-74.135031,3101,"Croute_new_67"
42.310857,-74.134476,3085,"Croute_new_67"
42.309751,-74.134673,3066,"Croute_new_67"
42.308669,-74.134518,3054,"Croute_new_67"
42.307924,-74.133666,3056,"Croute_new_67"
42.307294,-74.132535,3034,"Croute_new_67"
42.307007,-74.131386,2933,"Croute_new_67"
42.306401,-74.129975,2910,"Croute_new_67"
42.305114,-74.128888,3002,"Croute_new_67"
42.304283,-74.128536,3012,"Croute_new_67"
42.303302,-74.127482,2940,"Croute_new_67"
42.303464,-74.126230,2949,"Croute_new_67"
42.303905,-74.124974,2961,"Croute_new_67"
42.303964,-74.123275,2965,"Croute_new_67"
42.303414,-74.122008,3022,"Croute_new_67"
42.302886,-74.121312,3045,"Croute_new_67"
42.301765,-74.120794,3046,"Croute_new_67"
42.301053,-74.119518,3041,"Croute_new_67"
42.300611,-74.118299,3034,"Croute_new_67"
42.300186,-74.116922,3040,"Croute_new_67"
42.300201,-74.115332,3046,"Croute_new_67"
42.300876,-74.114122,2958,"Croute_new_67"
42.300481,-74.113011,2841,"Croute_new_67"
42.300533,-74.111688,2780,"Croute_new_67"
42.300453,-74.110573,2761,"Croute_new_67"
42.299752,-74.109588,2758,"Croute_new_67"
42.298818,-74.108776,2737,"Croute_new_67"
42.297710,-74.108852,2679,"Croute_new_67"
42.296681,-74.109619,2623,"Croute_new_67"
42.295605,-74.110217,2571,"Croute_new_67"
42.294519,-74.110741,2510,"Croute_new_67"
42.293642,-74.111457,2456,"Croute_new_67"
42.292247,-74.112811,2351,"Croute_new_67"
42.291252,-74.114523,2280,"Croute_new_67"
42.289825,-74.115235,2232,"Croute_new_67"
42.289543,-74.115918,2224,"Croute_new_67"
